28
0 0 0 0 2 0 0 5 0 14 0 2 0 
0 0 0 1 0 0 0 10 0 21 0 13 0 
0 0 0 2 1 0 0 15 0 9 0 16 0 
0 0 0 3 1 0 0 20 0 10 0 0 0 
0 0 0 4 0 0 0 25 0 4 0 8 0 
0 0 0 5 2 0 0 30 0 0 0 11 0 
0 0 0 6 2 0 0 35 0 2 0 14 0 
0 0 0 7 0 0 0 40 0 13 0 16 0 
0 0 0 8 1 0 0 45 0 2 0 3 0 
0 0 0 9 0 0 0 50 0 16 0 14 0 
0 0 0 10 0 0 0 55 0 13 0 0 0 
0 0 0 11 0 0 0 60 0 10 0 4 0 
0 0 0 12 1 0 0 65 0 8 0 5 0 
0 0 0 13 0 0 0 70 0 6 0 9 0 
0 0 0 14 0 0 0 75 0 15 0 8 0 
0 0 0 15 2 0 0 80 0 15 0 15 0 
0 0 0 16 0 0 0 85 0 17 0 13 0 
0 0 0 17 2 0 0 90 0 6 0 8 0 
0 0 0 18 1 0 0 95 0 4 0 11 0 
0 0 0 19 0 0 0 100 0 21 0 6 0 
0 0 0 20 0 0 0 105 0 2 0 15 0 
0 0 0 21 0 0 0 110 0 3 0 15 0 
0 0 0 22 1 0 0 115 0 4 0 13 0 
0 0 0 23 0 0 0 120 0 14 0 11 0 
0 0 0 24 2 0 0 125 0 2 0 15 0 
0 0 0 25 0 0 0 130 0 10 0 2 0 
0 0 0 26 0 0 0 135 0 4 0 8 0 
0 0 0 27 1 0 0 140 0 6 0 3 0 
0 0 0 28 1 0 0 145 0 18 0 6 0 
0 0 0 29 0 0 0 150 0 8 0 3 0 
0 0 0 0 0 0 0 0 0 0 0 0 0 0 0 0 0 0 0 0 0 0 0 0 0 0 0 0 0 0 
0 0 0 0 0 0 0 0 0 0 0 0 0 0 0 0 0 0 0 0 0 0 0 0 0 0 0 0 0 0 
0 0 0 0 0 0 0 0 0 0 0 0 0 0 0 0 0 0 0 0 0 0 0 0 0 0 0 0 0 0 
0 0 0 0 0 0 0 0 0 0 0 0 0 0 0 0 0 0 0 0 0 0 0 0 0 0 0 0 0 0 
0 0 0 0 10000 
0 2 1 0 2 0 0 5 1 14 0 2 0 
0 2 1 1 0 0 0 10 1 21 0 13 0 
0 0 0 2 1 41 0 15 1 9 0 16 0 
0 0 0 3 1 63 0 20 1 10 0 0 0 
0 0 0 4 0 0 0 25 0 4 0 8 0 
0 0 0 5 2 0 0 30 0 0 0 11 0 
0 0 0 6 2 0 0 35 0 2 0 14 0 
0 0 0 7 0 0 0 40 0 13 0 16 0 
0 0 0 8 1 0 0 45 0 2 0 3 0 
0 0 0 9 0 0 0 50 0 16 0 14 0 
0 0 0 10 0 0 0 55 0 13 0 0 0 
0 0 0 11 0 0 0 60 0 10 0 4 0 
0 0 0 12 1 0 0 65 0 8 0 5 0 
0 0 0 13 0 0 0 70 0 6 0 9 0 
0 0 0 14 0 0 0 75 0 15 0 8 0 
0 0 0 15 2 0 0 80 0 15 0 15 0 
0 0 0 16 0 0 0 85 0 17 0 13 0 
0 0 0 17 2 0 0 90 0 6 0 8 0 
0 0 0 18 1 0 0 95 0 4 0 11 0 
0 0 0 19 0 0 0 100 0 21 0 6 0 
0 0 0 20 0 0 0 105 0 2 0 15 0 
0 0 0 21 0 0 0 110 0 3 0 15 0 
0 0 0 22 1 0 0 115 0 4 0 13 0 
0 0 0 23 0 0 0 120 0 14 0 11 0 
0 0 0 24 2 0 0 125 0 2 0 15 0 
0 0 0 25 0 0 0 130 0 10 0 2 0 
0 0 0 26 0 0 0 135 0 4 0 8 0 
0 0 0 27 1 0 0 140 0 6 0 3 0 
0 0 0 28 1 0 0 145 0 18 0 6 0 
0 0 0 29 0 0 0 150 0 8 0 3 0 
0 0 0 0 0 0 0 0 0 0 0 0 0 0 0 0 0 0 0 0 0 0 0 0 0 0 0 0 0 0 
0 0 0 0 0 0 0 0 0 0 0 0 0 0 0 0 0 0 0 0 0 0 0 0 0 0 0 0 0 0 
0 0 0 0 0 0 0 0 0 0 0 0 0 0 0 0 0 0 0 0 0 0 0 0 0 0 0 0 0 0 
0 0 0 0 0 0 0 0 0 0 0 0 0 0 0 0 0 0 0 0 0 0 0 0 0 0 0 0 0 0 
0 0 0 0 8872 
0 2 1 0 2 0 0 5 1 14 0 2 0 
0 2 1 1 0 0 0 10 1 21 0 13 0 
0 0 0 2 1 47 0 15 1 9 0 16 0 
0 0 0 3 1 69 0 20 1 10 0 0 0 
0 0 0 4 0 0 0 25 0 4 0 8 0 
0 0 0 5 2 0 0 30 0 0 0 11 0 
0 0 0 6 2 0 0 35 0 2 0 14 0 
0 0 0 7 0 0 0 40 0 13 0 16 0 
0 0 0 8 1 0 0 45 0 2 0 3 0 
0 0 0 9 0 0 0 50 0 16 0 14 0 
0 0 0 10 0 0 0 55 0 13 0 0 0 
0 0 0 11 0 0 0 60 0 10 0 4 0 
0 0 0 12 1 0 0 65 0 8 0 5 0 
0 0 0 13 0 0 0 70 0 6 0 9 0 
0 0 0 14 0 0 0 75 0 15 0 8 0 
0 0 0 15 2 0 0 80 0 15 0 15 0 
0 0 0 16 0 0 0 85 0 17 0 13 0 
0 0 0 17 2 0 0 90 0 6 0 8 0 
0 0 0 18 1 0 0 95 0 4 0 11 0 
0 0 0 19 0 0 0 100 0 21 0 6 0 
0 0 0 20 0 0 0 105 0 2 0 15 0 
0 0 0 21 0 0 0 110 0 3 0 15 0 
0 0 0 22 1 0 0 115 0 4 0 13 0 
0 0 0 23 0 0 0 120 0 14 0 11 0 
0 0 0 24 2 0 0 125 0 2 0 15 0 
0 0 0 25 0 0 0 130 0 10 0 2 0 
0 0 0 26 0 0 0 135 0 4 0 8 0 
0 0 0 27 1 0 0 140 0 6 0 3 0 
0 0 0 28 1 0 0 145 0 18 0 6 0 
0 0 0 29 0 0 0 150 0 8 0 3 0 
0 0 0 0 0 0 0 0 0 0 0 0 0 0 0 0 0 0 0 0 0 0 0 0 0 0 0 0 0 0 
0 0 0 0 0 0 0 0 0 0 0 0 0 0 0 0 0 0 0 0 0 0 0 0 0 0 0 0 0 0 
0 0 0 0 0 0 0 0 0 0 0 0 0 0 0 0 0 0 0 0 0 0 0 0 0 0 0 0 0 0 
0 0 0 0 0 0 0 0 0 0 0 0 0 0 0 0 0 0 0 0 0 0 0 0 0 0 0 0 0 0 
0 0 0 0 8866 
0 2 1 0 2 0 0 5 1 14 0 2 0 
1 2 1 1 0 0 0 10 1 21 0 13 0 
0 2 1 2 1 0 0 15 1 9 0 16 0 
0 0 0 3 1 120 0 20 1 10 0 0 0 
0 0 0 4 0 66 0 25 1 4 0 8 0 
0 0 0 5 2 0 0 30 0 0 0 11 0 
0 0 0 6 2 0 0 35 0 2 0 14 0 
0 0 0 7 0 0 0 40 0 13 0 16 0 
0 0 0 8 1 0 0 45 0 2 0 3 0 
0 0 0 9 0 0 0 50 0 16 0 14 0 
0 0 0 10 0 0 0 55 0 13 0 0 0 
0 0 0 11 0 0 0 60 0 10 0 4 0 
0 0 0 12 1 0 0 65 0 8 0 5 0 
0 0 0 13 0 0 0 70 0 6 0 9 0 
0 0 0 14 0 0 0 75 0 15 0 8 0 
0 0 0 15 2 0 0 80 0 15 0 15 0 
0 0 0 16 0 0 0 85 0 17 0 13 0 
0 0 0 17 2 0 0 90 0 6 0 8 0 
0 0 0 18 1 0 0 95 0 4 0 11 0 
0 0 0 19 0 0 0 100 0 21 0 6 0 
0 0 0 20 0 0 0 105 0 2 0 15 0 
0 0 0 21 0 0 0 110 0 3 0 15 0 
0 0 0 22 1 0 0 115 0 4 0 13 0 
0 0 0 23 0 0 0 120 0 14 0 11 0 
0 0 0 24 2 0 0 125 0 2 0 15 0 
0 0 0 25 0 0 0 130 0 10 0 2 0 
0 0 0 26 0 0 0 135 0 4 0 8 0 
0 0 0 27 1 0 0 140 0 6 0 3 0 
0 0 0 28 1 0 0 145 0 18 0 6 0 
0 0 0 29 0 0 0 150 0 8 0 3 0 
0 0 0 0 0 0 0 0 0 0 0 0 0 0 0 0 0 0 0 0 0 0 0 0 0 0 0 0 0 0 
1 0 0 0 0 0 0 0 0 0 0 0 0 0 0 0 0 0 0 0 0 0 0 0 0 0 0 0 0 0 
0 0 0 0 0 0 0 0 0 0 0 0 0 0 0 0 0 0 0 0 0 0 0 0 0 0 0 0 0 0 
0 0 0 0 0 0 0 0 0 0 0 0 0 0 0 0 0 0 0 0 0 0 0 0 0 0 0 0 0 0 
0 1 0 0 8431 
0 2 1 0 2 0 0 5 1 14 0 2 0 
0 0 0 1 0 0 0 19 0 18 0 6 0 
0 2 1 2 1 0 0 15 1 9 0 16 0 
0 0 0 3 1 21 0 20 1 10 0 0 0 
0 0 0 4 0 222 0 25 1 4 0 8 0 
0 0 0 5 2 0 0 30 0 0 0 11 0 
0 0 0 6 2 0 0 35 0 2 0 14 0 
0 0 0 7 0 0 0 40 0 13 0 16 0 
0 0 0 8 1 0 0 45 0 2 0 3 0 
0 0 0 9 0 0 0 50 0 16 0 14 0 
0 0 0 10 0 0 0 55 0 13 0 0 0 
0 0 0 11 0 0 0 60 0 10 0 4 0 
0 0 0 12 1 0 0 65 0 8 0 5 0 
0 0 0 13 0 0 0 70 0 6 0 9 0 
0 0 0 14 0 0 0 75 0 15 0 8 0 
0 0 0 15 2 0 0 80 0 15 0 15 0 
0 0 0 16 0 0 0 85 0 17 0 13 0 
0 0 0 17 2 0 0 90 0 6 0 8 0 
0 0 0 18 1 0 0 95 0 4 0 11 0 
0 0 0 19 0 0 0 100 0 21 0 6 0 
0 0 0 20 0 0 0 105 0 2 0 15 0 
0 0 0 21 0 0 0 110 0 3 0 15 0 
0 0 0 22 1 0 0 115 0 4 0 13 0 
0 0 0 23 0 0 0 120 0 14 0 11 0 
0 0 0 24 2 0 0 125 0 2 0 15 0 
0 0 0 25 0 0 0 130 0 10 0 2 0 
0 0 0 26 0 0 0 135 0 4 0 8 0 
0 0 0 27 1 0 0 140 0 6 0 3 0 
0 0 0 28 1 0 0 145 0 18 0 6 0 
0 0 0 29 0 0 0 150 0 8 0 3 0 
0 0 0 0 0 0 0 0 0 0 0 0 0 0 0 0 0 0 0 0 0 0 0 0 0 0 0 0 0 0 
1 0 0 0 0 0 0 0 0 0 0 0 0 0 0 0 0 0 0 0 0 0 0 0 0 0 0 0 0 0 
0 0 0 0 0 0 0 0 0 0 0 0 0 0 0 0 0 0 0 0 0 0 0 0 0 0 0 0 0 0 
0 0 0 0 0 0 0 0 0 0 0 0 0 0 0 0 0 0 0 0 0 0 0 0 0 0 0 0 0 0 
0 0 0 0 8271 
0 2 1 0 2 0 0 5 1 14 0 2 0 
0 2 1 1 0 0 0 19 1 18 0 6 0 
0 2 1 2 1 0 0 15 1 9 0 16 0 
0 2 1 3 1 0 0 20 1 10 0 0 0 
0 0 0 4 0 70 0 25 1 4 0 8 0 
0 0 0 5 2 92 0 30 1 0 0 11 0 
0 0 0 6 2 0 0 35 0 2 0 14 0 
0 0 0 7 0 0 0 40 0 13 0 16 0 
0 0 0 8 1 0 0 45 0 2 0 3 0 
0 0 0 9 0 0 0 50 0 16 0 14 0 
0 0 0 10 0 0 0 55 0 13 0 0 0 
0 0 0 11 0 0 0 60 0 10 0 4 0 
0 0 0 12 1 0 0 65 0 8 0 5 0 
0 0 0 13 0 0 0 70 0 6 0 9 0 
0 0 0 14 0 0 0 75 0 15 0 8 0 
0 0 0 15 2 0 0 80 0 15 0 15 0 
0 0 0 16 0 0 0 85 0 17 0 13 0 
0 0 0 17 2 0 0 90 0 6 0 8 0 
0 0 0 18 1 0 0 95 0 4 0 11 0 
0 0 0 19 0 0 0 100 0 21 0 6 0 
0 0 0 20 0 0 0 105 0 2 0 15 0 
0 0 0 21 0 0 0 110 0 3 0 15 0 
0 0 0 22 1 0 0 115 0 4 0 13 0 
0 0 0 23 0 0 0 120 0 14 0 11 0 
0 0 0 24 2 0 0 125 0 2 0 15 0 
0 0 0 25 0 0 0 130 0 10 0 2 0 
0 0 0 26 0 0 0 135 0 4 0 8 0 
0 0 0 27 1 0 0 140 0 6 0 3 0 
0 0 0 28 1 0 0 145 0 18 0 6 0 
0 0 0 29 0 0 0 150 0 8 0 3 0 
0 0 0 0 0 0 0 0 0 0 0 0 0 0 0 0 0 0 0 0 0 0 0 0 0 0 0 0 0 0 
1 0 0 0 0 0 0 0 0 0 0 0 0 0 0 0 0 0 0 0 0 0 0 0 0 0 0 0 0 0 
0 0 0 0 0 0 0 0 0 0 0 0 0 0 0 0 0 0 0 0 0 0 0 0 0 0 0 0 0 0 
0 0 0 0 0 0 0 0 0 0 0 0 0 0 0 0 0 0 0 0 0 0 0 0 0 0 0 0 0 0 
0 0 0 0 7905 
1 2 1 0 2 0 0 5 1 9 312 16 452 
1 2 1 1 0 0 0 19 1 18 0 6 0 
1 2 1 2 1 0 0 15 1 9 0 16 0 
1 2 1 3 1 0 0 20 1 9 312 16 452 
0 2 1 4 0 0 0 25 1 4 0 8 0 
0 0 0 5 2 220 0 30 1 0 0 11 0 
0 0 0 6 2 47 0 35 1 2 0 14 0 
0 0 0 7 0 0 0 40 0 13 0 16 0 
0 0 0 8 1 0 0 45 0 2 0 3 0 
0 0 0 9 0 0 0 50 0 16 0 14 0 
0 0 0 10 0 0 0 55 0 13 0 0 0 
0 0 0 11 0 0 0 60 0 10 0 4 0 
0 0 0 12 1 0 0 65 0 8 0 5 0 
0 0 0 13 0 0 0 70 0 6 0 9 0 
0 0 0 14 0 0 0 75 0 15 0 8 0 
0 0 0 15 2 0 0 80 0 15 0 15 0 
0 0 0 16 0 0 0 85 0 17 0 13 0 
0 0 0 17 2 0 0 90 0 6 0 8 0 
0 0 0 18 1 0 0 95 0 4 0 11 0 
0 0 0 19 0 0 0 100 0 21 0 6 0 
0 0 0 20 0 0 0 105 0 2 0 15 0 
0 0 0 21 0 0 0 110 0 3 0 15 0 
0 0 0 22 1 0 0 115 0 4 0 13 0 
0 0 0 23 0 0 0 120 0 14 0 11 0 
0 0 0 24 2 0 0 125 0 2 0 15 0 
0 0 0 25 0 0 0 130 0 10 0 2 0 
0 0 0 26 0 0 0 135 0 4 0 8 0 
0 0 0 27 1 0 0 140 0 6 0 3 0 
0 0 0 28 1 0 0 145 0 18 0 6 0 
0 0 0 29 0 0 0 150 0 8 0 3 0 
2 0 3 0 0 0 0 0 0 0 0 0 0 0 0 0 0 0 0 0 0 0 0 0 0 0 0 0 0 0 
1 0 0 0 0 0 0 0 0 0 0 0 0 0 0 0 0 0 0 0 0 0 0 0 0 0 0 0 0 0 
0 0 0 0 0 0 0 0 0 0 0 0 0 0 0 0 0 0 0 0 0 0 0 0 0 0 0 0 0 0 
1 0 0 0 0 0 0 0 0 0 0 0 0 0 0 0 0 0 0 0 0 0 0 0 0 0 0 0 0 0 
3 0 0 1 7450 
0 0 0 0 2 0 0 33 0 15 312 8 452 
1 2 1 1 0 0 0 19 1 18 0 6 0 
1 2 1 2 1 0 0 15 1 9 0 16 0 
0 0 0 3 1 0 0 34 0 19 312 12 452 
1 2 1 4 0 0 0 25 1 4 0 8 0 
0 2 1 5 2 0 0 30 1 0 0 11 0 
0 0 0 6 2 108 0 35 1 2 0 14 0 
0 0 0 7 0 130 0 40 1 13 0 16 0 
0 0 0 8 1 0 0 45 0 2 0 3 0 
0 0 0 9 0 0 0 50 0 16 0 14 0 
0 0 0 10 0 0 0 55 0 13 0 0 0 
0 0 0 11 0 0 0 60 0 10 0 4 0 
0 0 0 12 1 0 0 65 0 8 0 5 0 
0 0 0 13 0 0 0 70 0 6 0 9 0 
0 0 0 14 0 0 0 75 0 15 0 8 0 
0 0 0 15 2 0 0 80 0 15 0 15 0 
0 0 0 16 0 0 0 85 0 17 0 13 0 
0 0 0 17 2 0 0 90 0 6 0 8 0 
0 0 0 18 1 0 0 95 0 4 0 11 0 
0 0 0 19 0 0 0 100 0 21 0 6 0 
0 0 0 20 0 0 0 105 0 2 0 15 0 
0 0 0 21 0 0 0 110 0 3 0 15 0 
0 0 0 22 1 0 0 115 0 4 0 13 0 
0 0 0 23 0 0 0 120 0 14 0 11 0 
0 0 0 24 2 0 0 125 0 2 0 15 0 
0 0 0 25 0 0 0 130 0 10 0 2 0 
0 0 0 26 0 0 0 135 0 4 0 8 0 
0 0 0 27 1 0 0 140 0 6 0 3 0 
0 0 0 28 1 0 0 145 0 18 0 6 0 
0 0 0 29 0 0 0 150 0 8 0 3 0 
2 0 3 0 0 0 0 0 0 0 0 0 0 0 0 0 0 0 0 0 0 0 0 0 0 0 0 0 0 0 
4 0 0 0 0 0 0 0 0 0 0 0 0 0 0 0 0 0 0 0 0 0 0 0 0 0 0 0 0 0 
0 0 0 0 0 0 0 0 0 0 0 0 0 0 0 0 0 0 0 0 0 0 0 0 0 0 0 0 0 0 
1 0 0 0 0 0 0 0 0 0 0 0 0 0 0 0 0 0 0 0 0 0 0 0 0 0 0 0 0 0 
1 1 0 1 6867 
0 0 0 0 2 0 0 36 0 8 312 14 452 
1 2 1 1 0 0 0 19 1 18 0 6 0 
1 2 1 2 1 0 0 15 1 9 0 16 0 
0 1 0 3 1 100 0 34 1 19 312 12 452 
1 2 1 4 0 0 0 25 1 4 0 8 0 
1 2 1 5 2 0 0 30 1 0 0 11 0 
0 0 0 6 2 114 0 35 1 2 0 14 0 
0 0 0 7 0 136 0 40 1 13 0 16 0 
0 0 0 8 1 0 0 45 0 2 0 3 0 
0 0 0 9 0 0 0 50 0 16 0 14 0 
0 0 0 10 0 0 0 55 0 13 0 0 0 
0 0 0 11 0 0 0 60 0 10 0 4 0 
0 0 0 12 1 0 0 65 0 8 0 5 0 
0 0 0 13 0 0 0 70 0 6 0 9 0 
0 0 0 14 0 0 0 75 0 15 0 8 0 
0 0 0 15 2 0 0 80 0 15 0 15 0 
0 0 0 16 0 0 0 85 0 17 0 13 0 
0 0 0 17 2 0 0 90 0 6 0 8 0 
0 0 0 18 1 0 0 95 0 4 0 11 0 
0 0 0 19 0 0 0 100 0 21 0 6 0 
0 0 0 20 0 0 0 105 0 2 0 15 0 
0 0 0 21 0 0 0 110 0 3 0 15 0 
0 0 0 22 1 0 0 115 0 4 0 13 0 
0 0 0 23 0 0 0 120 0 14 0 11 0 
0 0 0 24 2 0 0 125 0 2 0 15 0 
0 0 0 25 0 0 0 130 0 10 0 2 0 
0 0 0 26 0 0 0 135 0 4 0 8 0 
0 0 0 27 1 0 0 140 0 6 0 3 0 
0 0 0 28 1 0 0 145 0 18 0 6 0 
0 0 0 29 0 0 0 150 0 8 0 3 0 
2 0 3 0 0 0 0 0 0 0 0 0 0 0 0 0 0 0 0 0 0 0 0 0 0 0 0 0 0 0 
4 0 0 0 0 0 0 0 0 0 0 0 0 0 0 0 0 0 0 0 0 0 0 0 0 0 0 0 0 0 
0 0 0 0 0 0 0 0 0 0 0 0 0 0 0 0 0 0 0 0 0 0 0 0 0 0 0 0 0 0 
1 5 0 0 0 0 0 0 0 0 0 0 0 0 0 0 0 0 0 0 0 0 0 0 0 0 0 0 0 0 
1 1 0 2 6600 
0 2 1 0 2 0 0 36 1 8 312 14 452 
1 2 1 1 0 0 0 19 1 18 0 6 0 
0 0 0 2 1 0 0 41 0 7 0 4 0 
0 2 1 3 1 0 0 34 1 19 312 12 452 
1 2 1 4 0 0 0 25 1 4 0 8 0 
1 2 1 5 2 0 0 30 1 0 0 11 0 
0 2 1 6 2 0 0 35 1 2 0 14 0 
0 0 0 7 0 70 0 40 1 13 0 16 0 
0 0 0 8 1 90 0 45 1 2 0 3 0 
0 0 0 9 0 0 0 50 0 16 0 14 0 
0 0 0 10 0 0 0 55 0 13 0 0 0 
0 0 0 11 0 0 0 60 0 10 0 4 0 
0 0 0 12 1 0 0 65 0 8 0 5 0 
0 0 0 13 0 0 0 70 0 6 0 9 0 
0 0 0 14 0 0 0 75 0 15 0 8 0 
0 0 0 15 2 0 0 80 0 15 0 15 0 
0 0 0 16 0 0 0 85 0 17 0 13 0 
0 0 0 17 2 0 0 90 0 6 0 8 0 
0 0 0 18 1 0 0 95 0 4 0 11 0 
0 0 0 19 0 0 0 100 0 21 0 6 0 
0 0 0 20 0 0 0 105 0 2 0 15 0 
0 0 0 21 0 0 0 110 0 3 0 15 0 
0 0 0 22 1 0 0 115 0 4 0 13 0 
0 0 0 23 0 0 0 120 0 14 0 11 0 
0 0 0 24 2 0 0 125 0 2 0 15 0 
0 0 0 25 0 0 0 130 0 10 0 2 0 
0 0 0 26 0 0 0 135 0 4 0 8 0 
0 0 0 27 1 0 0 140 0 6 0 3 0 
0 0 0 28 1 0 0 145 0 18 0 6 0 
0 0 0 29 0 0 0 150 0 8 0 3 0 
2 0 3 0 0 0 0 0 0 0 0 0 0 0 0 0 0 0 0 0 0 0 0 0 0 0 0 0 0 0 
4 0 0 0 0 0 0 0 0 0 0 0 0 0 0 0 0 0 0 0 0 0 0 0 0 0 0 0 0 0 
0 0 0 0 0 0 0 0 0 0 0 0 0 0 0 0 0 0 0 0 0 0 0 0 0 0 0 0 0 0 
1 5 0 0 0 0 0 0 0 0 0 0 0 0 0 0 0 0 0 0 0 0 0 0 0 0 0 0 0 0 
0 1 0 2 6146 
0 2 1 0 2 0 0 36 1 8 312 14 452 
1 2 1 1 0 0 0 19 1 18 0 6 0 
1 2 1 2 1 0 0 41 1 7 0 4 0 
0 0 0 3 1 0 0 46 0 8 312 16 452 
1 2 1 4 0 0 0 25 1 4 0 8 0 
1 2 1 5 2 0 0 30 1 0 0 11 0 
0 2 1 6 2 0 0 35 1 2 0 14 0 
1 2 1 7 0 0 0 40 1 13 0 16 0 
0 0 0 8 1 56 0 45 1 2 0 3 0 
0 0 0 9 0 78 0 50 1 16 0 14 0 
0 0 0 10 0 0 0 55 0 13 0 0 0 
0 0 0 11 0 0 0 60 0 10 0 4 0 
0 0 0 12 1 0 0 65 0 8 0 5 0 
0 0 0 13 0 0 0 70 0 6 0 9 0 
0 0 0 14 0 0 0 75 0 15 0 8 0 
0 0 0 15 2 0 0 80 0 15 0 15 0 
0 0 0 16 0 0 0 85 0 17 0 13 0 
0 0 0 17 2 0 0 90 0 6 0 8 0 
0 0 0 18 1 0 0 95 0 4 0 11 0 
0 0 0 19 0 0 0 100 0 21 0 6 0 
0 0 0 20 0 0 0 105 0 2 0 15 0 
0 0 0 21 0 0 0 110 0 3 0 15 0 
0 0 0 22 1 0 0 115 0 4 0 13 0 
0 0 0 23 0 0 0 120 0 14 0 11 0 
0 0 0 24 2 0 0 125 0 2 0 15 0 
0 0 0 25 0 0 0 130 0 10 0 2 0 
0 0 0 26 0 0 0 135 0 4 0 8 0 
0 0 0 27 1 0 0 140 0 6 0 3 0 
0 0 0 28 1 0 0 145 0 18 0 6 0 
0 0 0 29 0 0 0 150 0 8 0 3 0 
2 0 3 0 0 0 0 0 0 0 0 0 0 0 0 0 0 0 0 0 0 0 0 0 0 0 0 0 0 0 
4 7 0 0 0 0 0 0 0 0 0 0 0 0 0 0 0 0 0 0 0 0 0 0 0 0 0 0 0 0 
3 0 0 0 0 0 0 0 0 0 0 0 0 0 0 0 0 0 0 0 0 0 0 0 0 0 0 0 0 0 
1 5 2 0 0 0 0 0 0 0 0 0 0 0 0 0 0 0 0 0 0 0 0 0 0 0 0 0 0 0 
0 2 0 3 5658 
0 2 1 0 2 0 0 36 1 8 312 14 452 
1 2 1 1 0 0 0 19 1 18 0 6 0 
1 2 1 2 1 0 0 41 1 7 0 4 0 
0 0 0 3 1 49 0 46 1 8 312 16 452 
1 2 1 4 0 0 0 25 1 4 0 8 0 
1 2 1 5 2 0 0 30 1 0 0 11 0 
0 2 1 6 2 0 0 35 1 2 0 14 0 
1 2 1 7 0 0 0 40 1 13 0 16 0 
0 0 0 8 1 106 0 45 1 2 0 3 0 
0 0 0 9 0 128 0 50 1 16 0 14 0 
0 0 0 10 0 0 0 55 0 13 0 0 0 
0 0 0 11 0 0 0 60 0 10 0 4 0 
0 0 0 12 1 0 0 65 0 8 0 5 0 
0 0 0 13 0 0 0 70 0 6 0 9 0 
0 0 0 14 0 0 0 75 0 15 0 8 0 
0 0 0 15 2 0 0 80 0 15 0 15 0 
0 0 0 16 0 0 0 85 0 17 0 13 0 
0 0 0 17 2 0 0 90 0 6 0 8 0 
0 0 0 18 1 0 0 95 0 4 0 11 0 
0 0 0 19 0 0 0 100 0 21 0 6 0 
0 0 0 20 0 0 0 105 0 2 0 15 0 
0 0 0 21 0 0 0 110 0 3 0 15 0 
0 0 0 22 1 0 0 115 0 4 0 13 0 
0 0 0 23 0 0 0 120 0 14 0 11 0 
0 0 0 24 2 0 0 125 0 2 0 15 0 
0 0 0 25 0 0 0 130 0 10 0 2 0 
0 0 0 26 0 0 0 135 0 4 0 8 0 
0 0 0 27 1 0 0 140 0 6 0 3 0 
0 0 0 28 1 0 0 145 0 18 0 6 0 
0 0 0 29 0 0 0 150 0 8 0 3 0 
2 0 3 0 0 0 0 0 0 0 0 0 0 0 0 0 0 0 0 0 0 0 0 0 0 0 0 0 0 0 
4 7 0 0 0 0 0 0 0 0 0 0 0 0 0 0 0 0 0 0 0 0 0 0 0 0 0 0 0 0 
3 0 0 0 0 0 0 0 0 0 0 0 0 0 0 0 0 0 0 0 0 0 0 0 0 0 0 0 0 0 
1 5 2 0 0 0 0 0 0 0 0 0 0 0 0 0 0 0 0 0 0 0 0 0 0 0 0 0 0 0 
0 2 0 3 5606 
0 2 1 0 2 0 0 36 1 8 312 14 452 
1 2 1 1 0 0 0 19 1 18 0 6 0 
1 2 1 2 1 0 0 41 1 7 0 4 0 
0 2 1 3 1 0 0 46 1 8 312 16 452 
1 2 1 4 0 0 0 25 1 4 0 8 0 
1 2 1 5 2 0 0 30 1 0 0 11 0 
0 2 1 6 2 0 0 35 1 2 0 14 0 
1 2 1 7 0 0 0 40 1 13 0 16 0 
0 2 1 8 1 0 0 45 1 2 0 3 0 
0 0 0 9 0 155 0 50 1 16 0 14 0 
0 0 0 10 0 177 0 55 1 13 0 0 0 
0 0 0 11 0 0 0 60 0 10 0 4 0 
0 0 0 12 1 0 0 65 0 8 0 5 0 
0 0 0 13 0 0 0 70 0 6 0 9 0 
0 0 0 14 0 0 0 75 0 15 0 8 0 
0 0 0 15 2 0 0 80 0 15 0 15 0 
0 0 0 16 0 0 0 85 0 17 0 13 0 
0 0 0 17 2 0 0 90 0 6 0 8 0 
0 0 0 18 1 0 0 95 0 4 0 11 0 
0 0 0 19 0 0 0 100 0 21 0 6 0 
0 0 0 20 0 0 0 105 0 2 0 15 0 
0 0 0 21 0 0 0 110 0 3 0 15 0 
0 0 0 22 1 0 0 115 0 4 0 13 0 
0 0 0 23 0 0 0 120 0 14 0 11 0 
0 0 0 24 2 0 0 125 0 2 0 15 0 
0 0 0 25 0 0 0 130 0 10 0 2 0 
0 0 0 26 0 0 0 135 0 4 0 8 0 
0 0 0 27 1 0 0 140 0 6 0 3 0 
0 0 0 28 1 0 0 145 0 18 0 6 0 
0 0 0 29 0 0 0 150 0 8 0 3 0 
2 0 3 0 0 0 0 0 0 0 0 0 0 0 0 0 0 0 0 0 0 0 0 0 0 0 0 0 0 0 
4 7 0 0 0 0 0 0 0 0 0 0 0 0 0 0 0 0 0 0 0 0 0 0 0 0 0 0 0 0 
3 0 0 0 0 0 0 0 0 0 0 0 0 0 0 0 0 0 0 0 0 0 0 0 0 0 0 0 0 0 
1 5 2 0 0 0 0 0 0 0 0 0 0 0 0 0 0 0 0 0 0 0 0 0 0 0 0 0 0 0 
0 2 0 3 5318 
0 2 1 0 2 0 0 36 1 8 312 14 452 
1 2 1 1 0 0 0 19 1 18 0 6 0 
1 2 1 2 1 0 0 41 1 7 0 4 0 
1 2 1 3 1 0 0 46 1 8 312 16 452 
1 2 1 4 0 0 0 25 1 4 0 8 0 
1 2 1 5 2 0 0 30 1 0 0 11 0 
0 2 1 6 2 0 0 35 1 2 0 14 0 
1 2 1 7 0 0 0 40 1 13 0 16 0 
0 0 0 8 1 0 0 54 0 9 0 3 0 
1 2 1 9 0 0 0 50 1 16 0 14 0 
0 0 0 10 0 102 0 55 1 13 0 0 0 
0 0 0 11 0 122 0 60 1 10 0 4 0 
0 0 0 12 1 0 0 65 0 8 0 5 0 
0 0 0 13 0 0 0 70 0 6 0 9 0 
0 0 0 14 0 0 0 75 0 15 0 8 0 
0 0 0 15 2 0 0 80 0 15 0 15 0 
0 0 0 16 0 0 0 85 0 17 0 13 0 
0 0 0 17 2 0 0 90 0 6 0 8 0 
0 0 0 18 1 0 0 95 0 4 0 11 0 
0 0 0 19 0 0 0 100 0 21 0 6 0 
0 0 0 20 0 0 0 105 0 2 0 15 0 
0 0 0 21 0 0 0 110 0 3 0 15 0 
0 0 0 22 1 0 0 115 0 4 0 13 0 
0 0 0 23 0 0 0 120 0 14 0 11 0 
0 0 0 24 2 0 0 125 0 2 0 15 0 
0 0 0 25 0 0 0 130 0 10 0 2 0 
0 0 0 26 0 0 0 135 0 4 0 8 0 
0 0 0 27 1 0 0 140 0 6 0 3 0 
0 0 0 28 1 0 0 145 0 18 0 6 0 
0 0 0 29 0 0 0 150 0 8 0 3 0 
2 0 3 0 0 0 0 0 0 0 0 0 0 0 0 0 0 0 0 0 0 0 0 0 0 0 0 0 0 0 
4 7 3 9 0 0 0 0 0 0 0 0 0 0 0 0 0 0 0 0 0 0 0 0 0 0 0 0 0 0 
8 0 0 0 0 0 0 0 0 0 0 0 0 0 0 0 0 0 0 0 0 0 0 0 0 0 0 0 0 0 
1 5 2 0 0 0 0 0 0 0 0 0 0 0 0 0 0 0 0 0 0 0 0 0 0 0 0 0 0 0 
0 4 0 3 4750 
0 2 1 0 2 0 0 36 1 8 312 14 452 
1 2 1 1 0 0 0 19 1 18 0 6 0 
1 2 1 2 1 0 0 41 1 7 0 4 0 
1 2 1 3 1 0 0 46 1 8 312 16 452 
1 2 1 4 0 0 0 25 1 4 0 8 0 
1 2 1 5 2 0 0 30 1 0 0 11 0 
0 2 1 6 2 0 0 35 1 2 0 14 0 
1 2 1 7 0 0 0 40 1 13 0 16 0 
0 1 0 8 1 20 0 54 1 9 0 3 0 
1 2 1 9 0 0 0 50 1 16 0 14 0 
0 0 0 10 0 170 0 55 1 13 0 0 0 
0 0 0 11 0 190 0 60 1 10 0 4 0 
0 0 0 12 1 0 0 65 0 8 0 5 0 
0 0 0 13 0 0 0 70 0 6 0 9 0 
0 0 0 14 0 0 0 75 0 15 0 8 0 
0 0 0 15 2 0 0 80 0 15 0 15 0 
0 0 0 16 0 0 0 85 0 17 0 13 0 
0 0 0 17 2 0 0 90 0 6 0 8 0 
0 0 0 18 1 0 0 95 0 4 0 11 0 
0 0 0 19 0 0 0 100 0 21 0 6 0 
0 0 0 20 0 0 0 105 0 2 0 15 0 
0 0 0 21 0 0 0 110 0 3 0 15 0 
0 0 0 22 1 0 0 115 0 4 0 13 0 
0 0 0 23 0 0 0 120 0 14 0 11 0 
0 0 0 24 2 0 0 125 0 2 0 15 0 
0 0 0 25 0 0 0 130 0 10 0 2 0 
0 0 0 26 0 0 0 135 0 4 0 8 0 
0 0 0 27 1 0 0 140 0 6 0 3 0 
0 0 0 28 1 0 0 145 0 18 0 6 0 
0 0 0 29 0 0 0 150 0 8 0 3 0 
2 0 3 0 0 0 0 0 0 0 0 0 0 0 0 0 0 0 0 0 0 0 0 0 0 0 0 0 0 0 
4 7 3 9 0 0 0 0 0 0 0 0 0 0 0 0 0 0 0 0 0 0 0 0 0 0 0 0 0 0 
8 0 0 0 0 0 0 0 0 0 0 0 0 0 0 0 0 0 0 0 0 0 0 0 0 0 0 0 0 0 
1 5 2 0 0 0 0 0 0 0 0 0 0 0 0 0 0 0 0 0 0 0 0 0 0 0 0 0 0 0 
0 4 0 3 4680 
0 2 1 0 2 0 0 36 1 8 312 14 452 
1 2 1 1 0 0 0 19 1 18 0 6 0 
1 2 1 2 1 0 0 41 1 7 0 4 0 
1 2 1 3 1 0 0 46 1 8 312 16 452 
1 2 1 4 0 0 0 25 1 4 0 8 0 
1 2 1 5 2 0 0 30 1 0 0 11 0 
1 2 1 6 2 0 0 35 1 2 0 14 0 
1 2 1 7 0 0 0 40 1 13 0 16 0 
0 2 1 8 1 0 0 54 1 9 0 3 0 
1 2 1 9 0 0 0 50 1 16 0 14 0 
1 2 1 10 0 0 0 55 1 13 0 0 0 
0 1 0 11 0 70 0 60 1 10 0 4 0 
0 0 0 12 1 204 0 65 1 8 0 5 0 
0 0 0 13 0 0 0 70 0 6 0 9 0 
0 0 0 14 0 0 0 75 0 15 0 8 0 
0 0 0 15 2 0 0 80 0 15 0 15 0 
0 0 0 16 0 0 0 85 0 17 0 13 0 
0 0 0 17 2 0 0 90 0 6 0 8 0 
0 0 0 18 1 0 0 95 0 4 0 11 0 
0 0 0 19 0 0 0 100 0 21 0 6 0 
0 0 0 20 0 0 0 105 0 2 0 15 0 
0 0 0 21 0 0 0 110 0 3 0 15 0 
0 0 0 22 1 0 0 115 0 4 0 13 0 
0 0 0 23 0 0 0 120 0 14 0 11 0 
0 0 0 24 2 0 0 125 0 2 0 15 0 
0 0 0 25 0 0 0 130 0 10 0 2 0 
0 0 0 26 0 0 0 135 0 4 0 8 0 
0 0 0 27 1 0 0 140 0 6 0 3 0 
0 0 0 28 1 0 0 145 0 18 0 6 0 
0 0 0 29 0 0 0 150 0 8 0 3 0 
2 0 3 0 0 0 0 0 0 0 0 0 0 0 0 0 0 0 0 0 0 0 0 0 0 0 0 0 0 0 
4 7 3 9 10 0 0 0 0 0 0 0 0 0 0 0 0 0 0 0 0 0 0 0 0 0 0 0 0 0 
6 0 0 0 0 0 0 0 0 0 0 0 0 0 0 0 0 0 0 0 0 0 0 0 0 0 0 0 0 0 
1 5 2 0 0 0 0 0 0 0 0 0 0 0 0 0 0 0 0 0 0 0 0 0 0 0 0 0 0 0 
0 5 1 3 4030 
0 2 1 0 2 0 0 36 1 8 312 14 452 
1 2 1 1 0 0 0 19 1 18 0 6 0 
1 2 1 2 1 0 0 41 1 7 0 4 0 
1 2 1 3 1 0 0 46 1 8 312 16 452 
1 2 1 4 0 0 0 25 1 4 0 8 0 
1 2 1 5 2 0 0 30 1 0 0 11 0 
0 0 0 6 2 0 0 61 0 17 0 10 0 
1 2 1 7 0 0 0 40 1 13 0 16 0 
0 2 1 8 1 0 0 54 1 9 0 3 0 
1 2 1 9 0 0 0 50 1 16 0 14 0 
1 2 1 10 0 0 0 55 1 13 0 0 0 
0 1 0 11 0 70 0 60 1 10 0 4 0 
0 0 0 12 1 204 0 65 1 8 0 5 0 
0 0 0 13 0 0 0 70 0 6 0 9 0 
0 0 0 14 0 0 0 75 0 15 0 8 0 
0 0 0 15 2 0 0 80 0 15 0 15 0 
0 0 0 16 0 0 0 85 0 17 0 13 0 
0 0 0 17 2 0 0 90 0 6 0 8 0 
0 0 0 18 1 0 0 95 0 4 0 11 0 
0 0 0 19 0 0 0 100 0 21 0 6 0 
0 0 0 20 0 0 0 105 0 2 0 15 0 
0 0 0 21 0 0 0 110 0 3 0 15 0 
0 0 0 22 1 0 0 115 0 4 0 13 0 
0 0 0 23 0 0 0 120 0 14 0 11 0 
0 0 0 24 2 0 0 125 0 2 0 15 0 
0 0 0 25 0 0 0 130 0 10 0 2 0 
0 0 0 26 0 0 0 135 0 4 0 8 0 
0 0 0 27 1 0 0 140 0 6 0 3 0 
0 0 0 28 1 0 0 145 0 18 0 6 0 
0 0 0 29 0 0 0 150 0 8 0 3 0 
2 0 3 0 0 0 0 0 0 0 0 0 0 0 0 0 0 0 0 0 0 0 0 0 0 0 0 0 0 0 
4 7 3 9 10 0 0 0 0 0 0 0 0 0 0 0 0 0 0 0 0 0 0 0 0 0 0 0 0 0 
6 0 0 0 0 0 0 0 0 0 0 0 0 0 0 0 0 0 0 0 0 0 0 0 0 0 0 0 0 0 
1 5 2 0 0 0 0 0 0 0 0 0 0 0 0 0 0 0 0 0 0 0 0 0 0 0 0 0 0 0 
0 5 0 3 4030 
0 2 1 0 2 0 0 36 1 8 312 14 452 
0 0 0 1 0 0 0 63 0 16 0 15 0 
0 0 0 2 1 0 0 64 0 19 0 12 0 
1 2 1 3 1 0 0 46 1 8 312 16 452 
1 2 1 4 0 0 0 25 1 4 0 8 0 
1 2 1 5 2 0 0 30 1 0 0 11 0 
0 2 1 6 2 0 0 61 1 17 0 10 0 
1 2 1 7 0 0 0 40 1 13 0 16 0 
0 2 1 8 1 0 0 54 1 9 0 3 0 
1 2 1 9 0 0 0 50 1 16 0 14 0 
1 2 1 10 0 0 0 55 1 13 0 0 0 
0 2 1 11 0 0 0 60 1 10 0 4 0 
0 0 0 12 1 88 0 65 1 8 0 5 0 
0 0 0 13 0 108 0 70 1 6 0 9 0 
0 0 0 14 0 0 0 75 0 15 0 8 0 
0 0 0 15 2 0 0 80 0 15 0 15 0 
0 0 0 16 0 0 0 85 0 17 0 13 0 
0 0 0 17 2 0 0 90 0 6 0 8 0 
0 0 0 18 1 0 0 95 0 4 0 11 0 
0 0 0 19 0 0 0 100 0 21 0 6 0 
0 0 0 20 0 0 0 105 0 2 0 15 0 
0 0 0 21 0 0 0 110 0 3 0 15 0 
0 0 0 22 1 0 0 115 0 4 0 13 0 
0 0 0 23 0 0 0 120 0 14 0 11 0 
0 0 0 24 2 0 0 125 0 2 0 15 0 
0 0 0 25 0 0 0 130 0 10 0 2 0 
0 0 0 26 0 0 0 135 0 4 0 8 0 
0 0 0 27 1 0 0 140 0 6 0 3 0 
0 0 0 28 1 0 0 145 0 18 0 6 0 
0 0 0 29 0 0 0 150 0 8 0 3 0 
2 0 3 0 0 0 0 0 0 0 0 0 0 0 0 0 0 0 0 0 0 0 0 0 0 0 0 0 0 0 
4 7 3 9 10 0 0 0 0 0 0 0 0 0 0 0 0 0 0 0 0 0 0 0 0 0 0 0 0 0 
6 0 0 0 0 0 0 0 0 0 0 0 0 0 0 0 0 0 0 0 0 0 0 0 0 0 0 0 0 0 
5 5 2 0 0 0 0 0 0 0 0 0 0 0 0 0 0 0 0 0 0 0 0 0 0 0 0 0 0 0 
0 5 0 1 3825 
0 2 1 0 2 0 0 36 1 8 312 14 452 
0 0 0 1 0 24 0 63 1 16 0 15 0 
0 0 0 2 1 24 0 64 1 19 0 12 0 
1 2 1 3 1 0 0 46 1 8 312 16 452 
1 2 1 4 0 0 0 25 1 4 0 8 0 
1 2 1 5 2 0 0 30 1 0 0 11 0 
0 2 1 6 2 0 0 61 1 17 0 10 0 
1 2 1 7 0 0 0 40 1 13 0 16 0 
0 2 1 8 1 0 0 54 1 9 0 3 0 
1 2 1 9 0 0 0 50 1 16 0 14 0 
1 2 1 10 0 0 0 55 1 13 0 0 0 
0 2 1 11 0 0 0 60 1 10 0 4 0 
0 0 0 12 1 113 0 65 1 8 0 5 0 
0 0 0 13 0 133 0 70 1 6 0 9 0 
0 0 0 14 0 0 0 75 0 15 0 8 0 
0 0 0 15 2 0 0 80 0 15 0 15 0 
0 0 0 16 0 0 0 85 0 17 0 13 0 
0 0 0 17 2 0 0 90 0 6 0 8 0 
0 0 0 18 1 0 0 95 0 4 0 11 0 
0 0 0 19 0 0 0 100 0 21 0 6 0 
0 0 0 20 0 0 0 105 0 2 0 15 0 
0 0 0 21 0 0 0 110 0 3 0 15 0 
0 0 0 22 1 0 0 115 0 4 0 13 0 
0 0 0 23 0 0 0 120 0 14 0 11 0 
0 0 0 24 2 0 0 125 0 2 0 15 0 
0 0 0 25 0 0 0 130 0 10 0 2 0 
0 0 0 26 0 0 0 135 0 4 0 8 0 
0 0 0 27 1 0 0 140 0 6 0 3 0 
0 0 0 28 1 0 0 145 0 18 0 6 0 
0 0 0 29 0 0 0 150 0 8 0 3 0 
2 0 3 0 0 0 0 0 0 0 0 0 0 0 0 0 0 0 0 0 0 0 0 0 0 0 0 0 0 0 
4 7 3 9 10 0 0 0 0 0 0 0 0 0 0 0 0 0 0 0 0 0 0 0 0 0 0 0 0 0 
6 0 0 0 0 0 0 0 0 0 0 0 0 0 0 0 0 0 0 0 0 0 0 0 0 0 0 0 0 0 
5 5 2 0 0 0 0 0 0 0 0 0 0 0 0 0 0 0 0 0 0 0 0 0 0 0 0 0 0 0 
0 5 0 1 3800 
0 2 1 0 2 0 0 36 1 8 312 14 452 
0 2 1 1 0 0 0 63 1 16 0 15 0 
0 2 1 2 1 0 0 64 1 19 0 12 0 
0 0 0 3 1 0 0 72 0 17 312 0 452 
0 0 0 4 0 0 0 69 0 15 0 15 0 
1 2 1 5 2 0 0 30 1 0 0 11 0 
0 2 1 6 2 0 0 61 1 17 0 10 0 
0 0 0 7 0 0 0 71 0 18 0 2 0 
0 2 1 8 1 0 0 54 1 9 0 3 0 
1 2 1 9 0 0 0 50 1 16 0 14 0 
1 2 1 10 0 0 0 55 1 13 0 0 0 
1 2 1 11 0 0 0 60 1 10 0 4 0 
0 2 1 12 1 0 0 65 1 8 0 5 0 
0 0 0 13 0 3 0 70 1 6 0 9 0 
0 0 0 14 0 206 0 75 1 15 0 8 0 
0 0 0 15 2 0 0 80 0 15 0 15 0 
0 0 0 16 0 0 0 85 0 17 0 13 0 
0 0 0 17 2 0 0 90 0 6 0 8 0 
0 0 0 18 1 0 0 95 0 4 0 11 0 
0 0 0 19 0 0 0 100 0 21 0 6 0 
0 0 0 20 0 0 0 105 0 2 0 15 0 
0 0 0 21 0 0 0 110 0 3 0 15 0 
0 0 0 22 1 0 0 115 0 4 0 13 0 
0 0 0 23 0 0 0 120 0 14 0 11 0 
0 0 0 24 2 0 0 125 0 2 0 15 0 
0 0 0 25 0 0 0 130 0 10 0 2 0 
0 0 0 26 0 0 0 135 0 4 0 8 0 
0 0 0 27 1 0 0 140 0 6 0 3 0 
0 0 0 28 1 0 0 145 0 18 0 6 0 
0 0 0 29 0 0 0 150 0 8 0 3 0 
11 0 3 0 0 0 0 0 0 0 0 0 0 0 0 0 0 0 0 0 0 0 0 0 0 0 0 0 0 0 
9 10 3 9 10 0 0 0 0 0 0 0 0 0 0 0 0 0 0 0 0 0 0 0 0 0 0 0 0 0 
6 0 0 0 0 0 0 0 0 0 0 0 0 0 0 0 0 0 0 0 0 0 0 0 0 0 0 0 0 0 
5 5 2 0 0 0 0 0 0 0 0 0 0 0 0 0 0 0 0 0 0 0 0 0 0 0 0 0 0 0 
1 2 0 1 3289 
0 2 1 0 2 0 0 36 1 8 312 14 452 
0 2 1 1 0 0 0 63 1 16 0 15 0 
0 2 1 2 1 0 0 64 1 19 0 12 0 
0 0 0 3 1 139 0 72 1 17 312 0 452 
0 1 0 4 0 55 0 69 1 15 0 15 0 
0 0 0 5 2 0 0 73 0 15 0 16 0 
0 2 1 6 2 0 0 61 1 17 0 10 0 
0 0 0 7 0 139 0 71 1 18 0 2 0 
0 2 1 8 1 0 0 54 1 9 0 3 0 
1 2 1 9 0 0 0 50 1 16 0 14 0 
1 2 1 10 0 0 0 55 1 13 0 0 0 
1 2 1 11 0 0 0 60 1 10 0 4 0 
0 2 1 12 1 0 0 65 1 8 0 5 0 
0 0 0 13 0 143 0 70 1 6 0 9 0 
0 0 0 14 0 91 0 75 1 15 0 8 0 
0 0 0 15 2 0 0 80 0 15 0 15 0 
0 0 0 16 0 0 0 85 0 17 0 13 0 
0 0 0 17 2 0 0 90 0 6 0 8 0 
0 0 0 18 1 0 0 95 0 4 0 11 0 
0 0 0 19 0 0 0 100 0 21 0 6 0 
0 0 0 20 0 0 0 105 0 2 0 15 0 
0 0 0 21 0 0 0 110 0 3 0 15 0 
0 0 0 22 1 0 0 115 0 4 0 13 0 
0 0 0 23 0 0 0 120 0 14 0 11 0 
0 0 0 24 2 0 0 125 0 2 0 15 0 
0 0 0 25 0 0 0 130 0 10 0 2 0 
0 0 0 26 0 0 0 135 0 4 0 8 0 
0 0 0 27 1 0 0 140 0 6 0 3 0 
0 0 0 28 1 0 0 145 0 18 0 6 0 
0 0 0 29 0 0 0 150 0 8 0 3 0 
11 0 3 0 0 0 0 0 0 0 0 0 0 0 0 0 0 0 0 0 0 0 0 0 0 0 0 0 0 0 
9 10 3 9 10 0 0 0 0 0 0 0 0 0 0 0 0 0 0 0 0 0 0 0 0 0 0 0 0 0 
6 0 0 0 0 0 0 0 0 0 0 0 0 0 0 0 0 0 0 0 0 0 0 0 0 0 0 0 0 0 
5 5 2 0 0 0 0 0 0 0 0 0 0 0 0 0 0 0 0 0 0 0 0 0 0 0 0 0 0 0 
1 2 0 0 3145 
0 2 1 0 2 0 0 36 1 8 312 14 452 
1 2 1 1 0 0 0 63 1 16 0 15 0 
0 2 1 2 1 0 0 64 1 19 0 12 0 
0 1 0 3 1 11 0 72 1 17 312 0 452 
1 2 1 4 0 0 0 69 1 15 0 15 0 
0 0 0 5 2 249 0 73 1 15 0 16 0 
0 2 1 6 2 0 0 61 1 17 0 10 0 
0 2 1 7 0 0 0 71 1 18 0 2 0 
0 2 1 8 1 0 0 54 1 9 0 3 0 
1 2 1 9 0 0 0 50 1 16 0 14 0 
0 0 0 10 0 0 0 74 0 12 0 3 0 
1 2 1 11 0 0 0 60 1 10 0 4 0 
0 2 1 12 1 0 0 65 1 8 0 5 0 
0 2 1 13 0 0 0 70 1 6 0 9 0 
0 0 0 14 0 86 0 75 1 15 0 8 0 
0 0 0 15 2 108 0 80 1 15 0 15 0 
0 0 0 16 0 0 0 85 0 17 0 13 0 
0 0 0 17 2 0 0 90 0 6 0 8 0 
0 0 0 18 1 0 0 95 0 4 0 11 0 
0 0 0 19 0 0 0 100 0 21 0 6 0 
0 0 0 20 0 0 0 105 0 2 0 15 0 
0 0 0 21 0 0 0 110 0 3 0 15 0 
0 0 0 22 1 0 0 115 0 4 0 13 0 
0 0 0 23 0 0 0 120 0 14 0 11 0 
0 0 0 24 2 0 0 125 0 2 0 15 0 
0 0 0 25 0 0 0 130 0 10 0 2 0 
0 0 0 26 0 0 0 135 0 4 0 8 0 
0 0 0 27 1 0 0 140 0 6 0 3 0 
0 0 0 28 1 0 0 145 0 18 0 6 0 
0 0 0 29 0 0 0 150 0 8 0 3 0 
11 0 3 0 0 0 0 0 0 0 0 0 0 0 0 0 0 0 0 0 0 0 0 0 0 0 0 0 0 0 
9 10 3 9 10 0 0 0 0 0 0 0 0 0 0 0 0 0 0 0 0 0 0 0 0 0 0 0 0 0 
4 1 0 0 0 0 0 0 0 0 0 0 0 0 0 0 0 0 0 0 0 0 0 0 0 0 0 0 0 0 
5 5 2 0 0 0 0 0 0 0 0 0 0 0 0 0 0 0 0 0 0 0 0 0 0 0 0 0 0 0 
1 1 2 0 2889 
1 2 1 0 2 0 0 36 1 19 573 6 162 
0 0 0 1 0 0 0 83 0 9 0 12 0 
1 2 1 2 1 0 0 64 1 19 573 6 162 
1 2 1 3 1 0 0 72 1 19 573 6 162 
0 0 0 4 0 0 0 82 0 17 0 16 0 
1 2 1 5 2 0 0 73 1 19 573 6 162 
1 2 1 6 2 0 0 61 1 17 0 10 0 
1 2 1 7 0 0 0 71 1 18 0 2 0 
1 2 1 8 1 0 0 54 1 19 573 6 162 
1 2 1 9 0 0 0 50 1 16 0 14 0 
1 2 1 10 0 0 0 74 1 19 573 6 162 
1 2 1 11 0 0 0 60 1 10 0 4 0 
1 2 1 12 1 0 0 65 1 19 573 6 162 
1 2 1 13 0 0 0 70 1 19 573 6 162 
1 2 1 14 0 0 0 75 1 15 0 8 0 
0 2 1 15 2 0 0 80 1 15 0 15 0 
0 0 0 16 0 243 0 85 1 17 0 13 0 
0 0 0 17 2 10 0 90 1 6 0 8 0 
0 0 0 18 1 0 0 95 0 4 0 11 0 
0 0 0 19 0 0 0 100 0 21 0 6 0 
0 0 0 20 0 0 0 105 0 2 0 15 0 
0 0 0 21 0 0 0 110 0 3 0 15 0 
0 0 0 22 1 0 0 115 0 4 0 13 0 
0 0 0 23 0 0 0 120 0 14 0 11 0 
0 0 0 24 2 0 0 125 0 2 0 15 0 
0 0 0 25 0 0 0 130 0 10 0 2 0 
0 0 0 26 0 0 0 135 0 4 0 8 0 
0 0 0 27 1 0 0 140 0 6 0 3 0 
0 0 0 28 1 0 0 145 0 18 0 6 0 
0 0 0 29 0 0 0 150 0 8 0 3 0 
11 7 0 2 3 5 8 10 12 13 14 0 0 0 0 0 0 0 0 0 0 0 0 0 0 0 0 0 0 0 
9 10 3 9 10 0 0 0 0 0 0 0 0 0 0 0 0 0 0 0 0 0 0 0 0 0 0 0 0 0 
6 1 6 0 0 0 0 0 0 0 0 0 0 0 0 0 0 0 0 0 0 0 0 0 0 0 0 0 0 0 
5 5 2 0 0 0 0 0 0 0 0 0 0 0 0 0 0 0 0 0 0 0 0 0 0 0 0 0 0 0 
11 1 1 0 1989 
1 2 1 0 2 0 0 36 1 19 573 6 162 
0 1 0 1 0 25 0 83 1 9 0 12 0 
1 2 1 2 1 0 0 64 1 19 573 6 162 
1 2 1 3 1 0 0 72 1 19 573 6 162 
0 2 1 4 0 0 0 82 1 17 0 16 0 
1 2 1 5 2 0 0 73 1 19 573 6 162 
1 2 1 6 2 0 0 61 1 17 0 10 0 
1 2 1 7 0 0 0 71 1 18 0 2 0 
1 2 1 8 1 0 0 54 1 19 573 6 162 
1 2 1 9 0 0 0 50 1 16 0 14 0 
1 2 1 10 0 0 0 74 1 19 573 6 162 
1 2 1 11 0 0 0 60 1 10 0 4 0 
1 2 1 12 1 0 0 65 1 19 573 6 162 
1 2 1 13 0 0 0 70 1 19 573 6 162 
1 2 1 14 0 0 0 75 1 15 0 8 0 
0 0 0 15 2 0 0 84 0 3 0 6 0 
0 0 0 16 0 196 0 85 1 17 0 13 0 
0 0 0 17 2 218 0 90 1 6 0 8 0 
0 0 0 18 1 0 0 95 0 4 0 11 0 
0 0 0 19 0 0 0 100 0 21 0 6 0 
0 0 0 20 0 0 0 105 0 2 0 15 0 
0 0 0 21 0 0 0 110 0 3 0 15 0 
0 0 0 22 1 0 0 115 0 4 0 13 0 
0 0 0 23 0 0 0 120 0 14 0 11 0 
0 0 0 24 2 0 0 125 0 2 0 15 0 
0 0 0 25 0 0 0 130 0 10 0 2 0 
0 0 0 26 0 0 0 135 0 4 0 8 0 
0 0 0 27 1 0 0 140 0 6 0 3 0 
0 0 0 28 1 0 0 145 0 18 0 6 0 
0 0 0 29 0 0 0 150 0 8 0 3 0 
11 7 0 2 3 5 8 10 12 13 14 0 0 0 0 0 0 0 0 0 0 0 0 0 0 0 0 0 0 0 
9 10 3 9 10 0 0 0 0 0 0 0 0 0 0 0 0 0 0 0 0 0 0 0 0 0 0 0 0 0 
6 1 6 0 0 0 0 0 0 0 0 0 0 0 0 0 0 0 0 0 0 0 0 0 0 0 0 0 0 0 
15 5 2 0 0 0 0 0 0 0 0 0 0 0 0 0 0 0 0 0 0 0 0 0 0 0 0 0 0 0 
11 1 1 0 1775 
1 2 1 0 2 0 0 36 1 19 573 6 162 
0 2 1 1 0 0 0 83 1 9 0 12 0 
1 2 1 2 1 0 0 64 1 19 573 6 162 
1 2 1 3 1 0 0 72 1 19 573 6 162 
0 2 1 4 0 0 0 82 1 17 0 16 0 
1 2 1 5 2 0 0 73 1 19 573 6 162 
1 2 1 6 2 0 0 61 1 17 0 10 0 
1 2 1 7 0 0 0 71 1 18 0 2 0 
1 2 1 8 1 0 0 54 1 19 573 6 162 
0 0 0 9 0 0 0 86 0 17 0 2 0 
1 2 1 10 0 0 0 74 1 19 573 6 162 
1 2 1 11 0 0 0 60 1 10 0 4 0 
1 2 1 12 1 0 0 65 1 19 573 6 162 
1 2 1 13 0 0 0 70 1 19 573 6 162 
1 2 1 14 0 0 0 75 1 15 0 8 0 
0 1 0 15 2 27 0 84 1 3 0 6 0 
0 0 0 16 0 41 0 85 1 17 0 13 0 
0 0 0 17 2 63 0 90 1 6 0 8 0 
0 0 0 18 1 0 0 95 0 4 0 11 0 
0 0 0 19 0 0 0 100 0 21 0 6 0 
0 0 0 20 0 0 0 105 0 2 0 15 0 
0 0 0 21 0 0 0 110 0 3 0 15 0 
0 0 0 22 1 0 0 115 0 4 0 13 0 
0 0 0 23 0 0 0 120 0 14 0 11 0 
0 0 0 24 2 0 0 125 0 2 0 15 0 
0 0 0 25 0 0 0 130 0 10 0 2 0 
0 0 0 26 0 0 0 135 0 4 0 8 0 
0 0 0 27 1 0 0 140 0 6 0 3 0 
0 0 0 28 1 0 0 145 0 18 0 6 0 
0 0 0 29 0 0 0 150 0 8 0 3 0 
11 7 0 2 3 5 8 10 12 13 14 0 0 0 0 0 0 0 0 0 0 0 0 0 0 0 0 0 0 0 
9 10 3 9 10 0 0 0 0 0 0 0 0 0 0 0 0 0 0 0 0 0 0 0 0 0 0 0 0 0 
6 1 6 0 0 0 0 0 0 0 0 0 0 0 0 0 0 0 0 0 0 0 0 0 0 0 0 0 0 0 
15 5 2 0 0 0 0 0 0 0 0 0 0 0 0 0 0 0 0 0 0 0 0 0 0 0 0 0 0 0 
11 0 1 0 1673 
1 2 1 0 2 0 0 36 1 19 573 6 162 
1 2 1 1 0 0 0 83 1 9 0 12 0 
1 2 1 2 1 0 0 64 1 19 573 6 162 
1 2 1 3 1 0 0 72 1 19 573 6 162 
1 2 1 4 0 0 0 82 1 17 0 16 0 
1 2 1 5 2 0 0 73 1 19 573 6 162 
1 2 1 6 2 0 0 61 1 17 0 10 0 
1 2 1 7 0 0 0 71 1 18 0 2 0 
1 2 1 8 1 0 0 54 1 19 573 6 162 
0 0 0 9 0 0 0 89 0 5 0 15 0 
1 2 1 10 0 0 0 74 1 19 573 6 162 
1 2 1 11 0 0 0 60 1 10 0 4 0 
1 2 1 12 1 0 0 65 1 19 573 6 162 
1 2 1 13 0 0 0 70 1 19 573 6 162 
1 2 1 14 0 0 0 75 1 15 0 8 0 
1 2 1 15 2 0 0 84 1 3 0 6 0 
0 2 1 16 0 0 0 85 1 17 0 13 0 
0 0 0 17 2 216 0 90 1 6 0 8 0 
0 0 0 18 1 238 0 95 1 4 0 11 0 
0 0 0 19 0 0 0 100 0 21 0 6 0 
0 0 0 20 0 0 0 105 0 2 0 15 0 
0 0 0 21 0 0 0 110 0 3 0 15 0 
0 0 0 22 1 0 0 115 0 4 0 13 0 
0 0 0 23 0 0 0 120 0 14 0 11 0 
0 0 0 24 2 0 0 125 0 2 0 15 0 
0 0 0 25 0 0 0 130 0 10 0 2 0 
0 0 0 26 0 0 0 135 0 4 0 8 0 
0 0 0 27 1 0 0 140 0 6 0 3 0 
0 0 0 28 1 0 0 145 0 18 0 6 0 
0 0 0 29 0 0 0 150 0 8 0 3 0 
11 7 0 2 3 5 8 10 12 13 14 4 0 0 0 0 0 0 0 0 0 0 0 0 0 0 0 0 0 0 
15 10 3 9 10 0 0 0 0 0 0 0 0 0 0 0 0 0 0 0 0 0 0 0 0 0 0 0 0 0 
6 1 6 0 0 0 0 0 0 0 0 0 0 0 0 0 0 0 0 0 0 0 0 0 0 0 0 0 0 0 
9 5 2 0 0 0 0 0 0 0 0 0 0 0 0 0 0 0 0 0 0 0 0 0 0 0 0 0 0 0 
12 1 2 0 1255 
1 2 1 0 2 0 0 36 1 19 573 6 162 
1 2 1 1 0 0 0 83 1 9 0 12 0 
1 2 1 2 1 0 0 64 1 19 573 6 162 
1 2 1 3 1 0 0 72 1 19 573 6 162 
1 2 1 4 0 0 0 82 1 17 0 16 0 
1 2 1 5 2 0 0 73 1 19 573 6 162 
1 2 1 6 2 0 0 61 1 17 0 10 0 
1 2 1 7 0 0 0 71 1 18 0 2 0 
1 2 1 8 1 0 0 54 1 19 573 6 162 
0 0 0 9 0 0 0 96 0 10 0 0 0 
1 2 1 10 0 0 0 74 1 19 573 6 162 
1 2 1 11 0 0 0 60 1 10 0 4 0 
1 2 1 12 1 0 0 65 1 19 573 6 162 
1 2 1 13 0 0 0 70 1 19 573 6 162 
1 2 1 14 0 0 0 75 1 15 0 8 0 
1 2 1 15 2 0 0 84 1 3 0 6 0 
1 2 1 16 0 0 0 85 1 17 0 13 0 
1 2 1 17 2 0 0 90 1 6 0 8 0 
0 0 0 18 1 97 0 95 1 4 0 11 0 
0 0 0 19 0 118 0 100 1 21 0 6 0 
0 0 0 20 0 0 0 105 0 2 0 15 0 
0 0 0 21 0 0 0 110 0 3 0 15 0 
0 0 0 22 1 0 0 115 0 4 0 13 0 
0 0 0 23 0 0 0 120 0 14 0 11 0 
0 0 0 24 2 0 0 125 0 2 0 15 0 
0 0 0 25 0 0 0 130 0 10 0 2 0 
0 0 0 26 0 0 0 135 0 4 0 8 0 
0 0 0 27 1 0 0 140 0 6 0 3 0 
0 0 0 28 1 0 0 145 0 18 0 6 0 
0 0 0 29 0 0 0 150 0 8 0 3 0 
11 7 0 2 3 5 8 10 12 13 14 4 0 0 0 0 0 0 0 0 0 0 0 0 0 0 0 0 0 0 
15 9 3 9 10 0 0 0 0 0 0 0 0 0 0 0 0 0 0 0 0 0 0 0 0 0 0 0 0 0 
6 1 16 0 0 0 0 0 0 0 0 0 0 0 0 0 0 0 0 0 0 0 0 0 0 0 0 0 0 0 
17 5 2 0 0 0 0 0 0 0 0 0 0 0 0 0 0 0 0 0 0 0 0 0 0 0 0 0 0 0 
12 1 3 1 617 
1 2 1 0 2 0 0 36 1 19 573 6 162 
1 2 1 1 0 0 0 83 1 9 0 12 0 
1 2 1 2 1 0 0 64 1 19 573 6 162 
1 2 1 3 1 0 0 72 1 19 573 6 162 
1 2 1 4 0 0 0 82 1 17 0 16 0 
1 2 1 5 2 0 0 73 1 19 573 6 162 
1 2 1 6 2 0 0 61 1 17 0 10 0 
1 2 1 7 0 0 0 71 1 18 0 2 0 
1 2 1 8 1 0 0 54 1 19 573 6 162 
0 1 0 9 0 73 0 96 1 10 0 0 0 
1 2 1 10 0 0 0 74 1 19 573 6 162 
1 2 1 11 0 0 0 60 1 10 0 4 0 
1 2 1 12 1 0 0 65 1 19 573 6 162 
1 2 1 13 0 0 0 70 1 19 573 6 162 
1 2 1 14 0 0 0 75 1 15 0 8 0 
1 2 1 15 2 0 0 84 1 3 0 6 0 
1 2 1 16 0 0 0 85 1 17 0 13 0 
0 0 0 17 2 0 0 97 0 11 0 16 0 
0 2 1 18 1 0 0 95 1 4 0 11 0 
0 0 0 19 0 49 0 100 1 21 0 6 0 
0 0 0 20 0 70 0 105 1 2 0 15 0 
0 0 0 21 0 0 0 110 0 3 0 15 0 
0 0 0 22 1 0 0 115 0 4 0 13 0 
0 0 0 23 0 0 0 120 0 14 0 11 0 
0 0 0 24 2 0 0 125 0 2 0 15 0 
0 0 0 25 0 0 0 130 0 10 0 2 0 
0 0 0 26 0 0 0 135 0 4 0 8 0 
0 0 0 27 1 0 0 140 0 6 0 3 0 
0 0 0 28 1 0 0 145 0 18 0 6 0 
0 0 0 29 0 0 0 150 0 8 0 3 0 
11 7 0 2 3 5 8 10 12 13 14 4 0 0 0 0 0 0 0 0 0 0 0 0 0 0 0 0 0 0 
15 9 3 9 10 0 0 0 0 0 0 0 0 0 0 0 0 0 0 0 0 0 0 0 0 0 0 0 0 0 
6 1 16 0 0 0 0 0 0 0 0 0 0 0 0 0 0 0 0 0 0 0 0 0 0 0 0 0 0 0 
17 5 2 0 0 0 0 0 0 0 0 0 0 0 0 0 0 0 0 0 0 0 0 0 0 0 0 0 0 0 
12 1 3 0 427 
