41
0 0 0 0 1 0 0 5 0 21 0 12 0 
0 0 0 1 0 0 0 10 0 1 0 12 0 
0 0 0 2 0 0 0 15 0 14 0 4 0 
0 0 0 3 0 0 0 20 0 19 0 6 0 
0 0 0 4 0 0 0 25 0 11 0 14 0 
0 0 0 5 0 66 0 30 0 5 0 14 0 
0 0 0 6 1 0 0 35 0 11 0 6 0 
0 0 0 7 0 0 0 40 0 10 0 3 0 
0 0 0 8 0 0 0 45 0 19 0 8 0 
0 0 0 9 0 0 0 50 0 21 0 11 0 
0 0 0 10 0 0 0 55 0 12 0 6 0 
0 0 0 11 0 0 0 60 0 13 0 16 0 
0 0 0 12 2 0 0 65 0 4 0 6 0 
0 0 0 13 2 0 0 70 0 9 0 11 0 
0 0 0 14 0 0 0 75 0 3 0 6 0 
0 0 0 15 2 0 0 80 0 17 0 16 0 
0 0 0 16 2 0 0 85 0 19 0 4 0 
0 0 0 17 0 0 0 90 0 3 0 16 0 
0 0 0 18 0 0 0 95 0 6 0 11 0 
0 0 0 19 0 100 0 100 0 18 0 15 0 
0 0 0 20 2 232 0 105 0 14 0 16 0 
0 0 0 21 0 0 0 110 0 8 0 14 0 
0 0 0 22 1 0 0 115 0 2 0 14 0 
0 0 0 23 0 0 0 120 0 0 0 12 0 
0 0 0 24 0 0 0 125 0 19 0 5 0 
0 0 0 25 0 0 0 130 0 5 0 0 0 
0 0 0 26 0 0 0 135 0 11 0 7 0 
0 0 0 27 1 0 0 140 0 12 0 6 0 
0 0 0 28 2 0 0 145 0 4 0 14 0 
0 0 0 29 1 0 0 150 0 15 0 12 0 
18 5 2 0 3 7 8 4 12 11 14 17 0 0 0 0 0 0 0 0 0 0 0 0 0 0 0 0 0 0 
3 5 3 13 14 0 0 0 0 0 0 0 0 0 0 0 0 0 0 0 0 0 0 0 0 0 0 0 0 0 
4 6 1 8 7 10 12 2 9 11 17 15 13 0 0 0 0 0 0 0 0 0 0 0 0 0 0 0 0 0 
14 14 0 0 0 0 0 0 0 0 0 0 0 0 0 0 0 0 0 0 0 0 0 0 0 0 0 0 0 0 
0 0 0 0 10000 
1 2 1 0 1 0 0 5 1 21 0 12 0 
0 1 0 1 0 62 0 10 1 1 0 12 0 
0 0 0 2 0 196 0 15 1 14 0 4 0 
0 0 0 3 0 0 0 20 0 19 0 6 0 
0 0 0 4 0 0 0 25 0 11 0 14 0 
0 0 0 5 0 66 0 30 0 5 0 14 0 
0 0 0 6 1 0 0 35 0 11 0 6 0 
0 0 0 7 0 0 0 40 0 10 0 3 0 
0 0 0 8 0 0 0 45 0 19 0 8 0 
0 0 0 9 0 0 0 50 0 21 0 11 0 
0 0 0 10 0 0 0 55 0 12 0 6 0 
0 0 0 11 0 0 0 60 0 13 0 16 0 
0 0 0 12 2 0 0 65 0 4 0 6 0 
0 0 0 13 2 0 0 70 0 9 0 11 0 
0 0 0 14 0 0 0 75 0 3 0 6 0 
0 0 0 15 2 0 0 80 0 17 0 16 0 
0 0 0 16 2 0 0 85 0 19 0 4 0 
0 0 0 17 0 0 0 90 0 3 0 16 0 
0 0 0 18 0 0 0 95 0 6 0 11 0 
0 0 0 19 0 100 0 100 0 18 0 15 0 
0 0 0 20 2 232 0 105 0 14 0 16 0 
0 0 0 21 0 0 0 110 0 8 0 14 0 
0 0 0 22 1 0 0 115 0 2 0 14 0 
0 0 0 23 0 0 0 120 0 0 0 12 0 
0 0 0 24 0 0 0 125 0 19 0 5 0 
0 0 0 25 0 0 0 130 0 5 0 0 0 
0 0 0 26 0 0 0 135 0 11 0 7 0 
0 0 0 27 1 0 0 140 0 12 0 6 0 
0 0 0 28 2 0 0 145 0 4 0 14 0 
0 0 0 29 1 0 0 150 0 15 0 12 0 
18 5 2 0 3 7 8 4 12 11 14 17 0 0 0 0 0 0 0 0 0 0 0 0 0 0 0 0 0 0 
0 5 3 13 14 0 0 0 0 0 0 0 0 0 0 0 0 0 0 0 0 0 0 0 0 0 0 0 0 0 
4 6 1 8 7 10 12 2 9 11 17 15 13 0 0 0 0 0 0 0 0 0 0 0 0 0 0 0 0 0 
14 14 0 0 0 0 0 0 0 0 0 0 0 0 0 0 0 0 0 0 0 0 0 0 0 0 0 0 0 0 
0 1 0 0 9038 
1 2 1 0 1 0 0 5 1 21 0 12 0 
0 2 1 1 0 0 0 10 1 1 0 12 0 
0 0 0 2 0 179 0 15 1 14 0 4 0 
0 0 0 3 0 199 0 20 1 19 0 6 0 
0 0 0 4 0 0 0 25 0 11 0 14 0 
0 0 0 5 0 66 0 30 0 5 0 14 0 
0 0 0 6 1 0 0 35 0 11 0 6 0 
0 0 0 7 0 0 0 40 0 10 0 3 0 
0 0 0 8 0 0 0 45 0 19 0 8 0 
0 0 0 9 0 0 0 50 0 21 0 11 0 
0 0 0 10 0 0 0 55 0 12 0 6 0 
0 0 0 11 0 0 0 60 0 13 0 16 0 
0 0 0 12 2 0 0 65 0 4 0 6 0 
0 0 0 13 2 0 0 70 0 9 0 11 0 
0 0 0 14 0 0 0 75 0 3 0 6 0 
0 0 0 15 2 0 0 80 0 17 0 16 0 
0 0 0 16 2 0 0 85 0 19 0 4 0 
0 0 0 17 0 0 0 90 0 3 0 16 0 
0 0 0 18 0 0 0 95 0 6 0 11 0 
0 0 0 19 0 100 0 100 0 18 0 15 0 
0 0 0 20 2 232 0 105 0 14 0 16 0 
0 0 0 21 0 0 0 110 0 8 0 14 0 
0 0 0 22 1 0 0 115 0 2 0 14 0 
0 0 0 23 0 0 0 120 0 0 0 12 0 
0 0 0 24 0 0 0 125 0 19 0 5 0 
0 0 0 25 0 0 0 130 0 5 0 0 0 
0 0 0 26 0 0 0 135 0 11 0 7 0 
0 0 0 27 1 0 0 140 0 12 0 6 0 
0 0 0 28 2 0 0 145 0 4 0 14 0 
0 0 0 29 1 0 0 150 0 15 0 12 0 
18 5 2 0 3 7 8 4 12 11 14 17 0 0 0 0 0 0 0 0 0 0 0 0 0 0 0 0 0 0 
0 5 3 13 14 0 0 0 0 0 0 0 0 0 0 0 0 0 0 0 0 0 0 0 0 0 0 0 0 0 
4 6 1 8 7 10 12 2 9 11 17 15 13 0 0 0 0 0 0 0 0 0 0 0 0 0 0 0 0 0 
14 14 0 0 0 0 0 0 0 0 0 0 0 0 0 0 0 0 0 0 0 0 0 0 0 0 0 0 0 0 
0 1 0 0 8794 
1 2 1 0 1 0 0 5 1 21 0 12 0 
1 2 1 1 0 0 0 10 1 1 0 12 0 
0 0 0 2 0 0 0 21 0 13 0 3 0 
0 0 0 3 0 25 0 20 1 19 0 6 0 
0 0 0 4 0 47 0 25 1 11 0 14 0 
0 0 0 5 0 66 0 30 0 5 0 14 0 
0 0 0 6 1 0 0 35 0 11 0 6 0 
0 0 0 7 0 0 0 40 0 10 0 3 0 
0 0 0 8 0 0 0 45 0 19 0 8 0 
0 0 0 9 0 0 0 50 0 21 0 11 0 
0 0 0 10 0 0 0 55 0 12 0 6 0 
0 0 0 11 0 0 0 60 0 13 0 16 0 
0 0 0 12 2 0 0 65 0 4 0 6 0 
0 0 0 13 2 0 0 70 0 9 0 11 0 
0 0 0 14 0 0 0 75 0 3 0 6 0 
0 0 0 15 2 0 0 80 0 17 0 16 0 
0 0 0 16 2 0 0 85 0 19 0 4 0 
0 0 0 17 0 0 0 90 0 3 0 16 0 
0 0 0 18 0 0 0 95 0 6 0 11 0 
0 0 0 19 0 100 0 100 0 18 0 15 0 
0 0 0 20 2 232 0 105 0 14 0 16 0 
0 0 0 21 0 0 0 110 0 8 0 14 0 
0 0 0 22 1 0 0 115 0 2 0 14 0 
0 0 0 23 0 0 0 120 0 0 0 12 0 
0 0 0 24 0 0 0 125 0 19 0 5 0 
0 0 0 25 0 0 0 130 0 5 0 0 0 
0 0 0 26 0 0 0 135 0 11 0 7 0 
0 0 0 27 1 0 0 140 0 12 0 6 0 
0 0 0 28 2 0 0 145 0 4 0 14 0 
0 0 0 29 1 0 0 150 0 15 0 12 0 
1 5 2 0 3 7 8 4 12 11 14 17 0 0 0 0 0 0 0 0 0 0 0 0 0 0 0 0 0 0 
0 5 3 13 14 0 0 0 0 0 0 0 0 0 0 0 0 0 0 0 0 0 0 0 0 0 0 0 0 0 
4 6 1 8 7 10 12 2 9 11 17 15 13 0 0 0 0 0 0 0 0 0 0 0 0 0 0 0 0 0 
2 14 0 0 0 0 0 0 0 0 0 0 0 0 0 0 0 0 0 0 0 0 0 0 0 0 0 0 0 0 
1 1 0 0 8189 
0 0 0 0 1 0 0 23 0 19 0 4 0 
1 2 1 1 0 0 0 10 1 1 0 12 0 
0 2 1 2 0 0 0 21 1 13 0 3 0 
1 2 1 3 0 0 0 20 1 19 0 6 0 
0 0 0 4 0 127 0 25 1 11 0 14 0 
0 0 0 5 0 149 0 30 1 5 0 14 0 
0 0 0 6 1 0 0 35 0 11 0 6 0 
0 0 0 7 0 0 0 40 0 10 0 3 0 
0 0 0 8 0 0 0 45 0 19 0 8 0 
0 0 0 9 0 0 0 50 0 21 0 11 0 
0 0 0 10 0 0 0 55 0 12 0 6 0 
0 0 0 11 0 0 0 60 0 13 0 16 0 
0 0 0 12 2 0 0 65 0 4 0 6 0 
0 0 0 13 2 0 0 70 0 9 0 11 0 
0 0 0 14 0 0 0 75 0 3 0 6 0 
0 0 0 15 2 0 0 80 0 17 0 16 0 
0 0 0 16 2 0 0 85 0 19 0 4 0 
0 0 0 17 0 0 0 90 0 3 0 16 0 
0 0 0 18 0 0 0 95 0 6 0 11 0 
0 0 0 19 0 100 0 100 0 18 0 15 0 
0 0 0 20 2 232 0 105 0 14 0 16 0 
0 0 0 21 0 0 0 110 0 8 0 14 0 
0 0 0 22 1 0 0 115 0 2 0 14 0 
0 0 0 23 0 0 0 120 0 0 0 12 0 
0 0 0 24 0 0 0 125 0 19 0 5 0 
0 0 0 25 0 0 0 130 0 5 0 0 0 
0 0 0 26 0 0 0 135 0 11 0 7 0 
0 0 0 27 1 0 0 140 0 12 0 6 0 
0 0 0 28 2 0 0 145 0 4 0 14 0 
0 0 0 29 1 0 0 150 0 15 0 12 0 
1 5 2 0 3 7 8 4 12 11 14 17 0 0 0 0 0 0 0 0 0 0 0 0 0 0 0 0 0 0 
3 3 3 13 14 0 0 0 0 0 0 0 0 0 0 0 0 0 0 0 0 0 0 0 0 0 0 0 0 0 
4 6 1 8 7 10 12 2 9 11 17 15 13 0 0 0 0 0 0 0 0 0 0 0 0 0 0 0 0 0 
2 14 0 0 0 0 0 0 0 0 0 0 0 0 0 0 0 0 0 0 0 0 0 0 0 0 0 0 0 0 
1 1 0 0 7846 
1 2 1 0 1 0 0 23 1 19 0 4 0 
1 2 1 1 0 0 0 10 1 1 0 12 0 
0 2 1 2 0 0 0 21 1 13 0 3 0 
1 2 1 3 0 0 0 20 1 19 0 6 0 
1 2 1 4 0 0 0 25 1 11 0 14 0 
0 0 0 5 0 44 0 30 1 5 0 14 0 
0 0 0 6 1 64 0 35 1 11 0 6 0 
0 0 0 7 0 0 0 40 0 10 0 3 0 
0 0 0 8 0 0 0 45 0 19 0 8 0 
0 0 0 9 0 0 0 50 0 21 0 11 0 
0 0 0 10 0 0 0 55 0 12 0 6 0 
0 0 0 11 0 0 0 60 0 13 0 16 0 
0 0 0 12 2 0 0 65 0 4 0 6 0 
0 0 0 13 2 0 0 70 0 9 0 11 0 
0 0 0 14 0 0 0 75 0 3 0 6 0 
0 0 0 15 2 0 0 80 0 17 0 16 0 
0 0 0 16 2 0 0 85 0 19 0 4 0 
0 0 0 17 0 0 0 90 0 3 0 16 0 
0 0 0 18 0 0 0 95 0 6 0 11 0 
0 0 0 19 0 100 0 100 0 18 0 15 0 
0 0 0 20 2 232 0 105 0 14 0 16 0 
0 0 0 21 0 0 0 110 0 8 0 14 0 
0 0 0 22 1 0 0 115 0 2 0 14 0 
0 0 0 23 0 0 0 120 0 0 0 12 0 
0 0 0 24 0 0 0 125 0 19 0 5 0 
0 0 0 25 0 0 0 130 0 5 0 0 0 
0 0 0 26 0 0 0 135 0 11 0 7 0 
0 0 0 27 1 0 0 140 0 12 0 6 0 
0 0 0 28 2 0 0 145 0 4 0 14 0 
0 0 0 29 1 0 0 150 0 15 0 12 0 
1 0 2 0 3 7 8 4 12 11 14 17 0 0 0 0 0 0 0 0 0 0 0 0 0 0 0 0 0 0 
3 3 3 13 14 0 0 0 0 0 0 0 0 0 0 0 0 0 0 0 0 0 0 0 0 0 0 0 0 0 
4 6 1 8 7 10 12 2 9 11 17 15 13 0 0 0 0 0 0 0 0 0 0 0 0 0 0 0 0 0 
4 14 0 0 0 0 0 0 0 0 0 0 0 0 0 0 0 0 0 0 0 0 0 0 0 0 0 0 0 0 
2 1 0 1 7433 
1 2 1 0 1 0 0 23 1 19 0 4 0 
1 2 1 1 0 0 0 10 1 1 0 12 0 
0 2 1 2 0 0 0 21 1 13 0 3 0 
1 2 1 3 0 0 0 20 1 19 0 6 0 
0 0 0 4 0 0 0 27 0 4 0 0 0 
0 0 0 5 0 55 0 30 1 5 0 14 0 
0 0 0 6 1 75 0 35 1 11 0 6 0 
0 0 0 7 0 0 0 40 0 10 0 3 0 
0 0 0 8 0 0 0 45 0 19 0 8 0 
0 0 0 9 0 0 0 50 0 21 0 11 0 
0 0 0 10 0 0 0 55 0 12 0 6 0 
0 0 0 11 0 0 0 60 0 13 0 16 0 
0 0 0 12 2 0 0 65 0 4 0 6 0 
0 0 0 13 2 0 0 70 0 9 0 11 0 
0 0 0 14 0 0 0 75 0 3 0 6 0 
0 0 0 15 2 0 0 80 0 17 0 16 0 
0 0 0 16 2 0 0 85 0 19 0 4 0 
0 0 0 17 0 0 0 90 0 3 0 16 0 
0 0 0 18 0 0 0 95 0 6 0 11 0 
0 0 0 19 0 100 0 100 0 18 0 15 0 
0 0 0 20 2 232 0 105 0 14 0 16 0 
0 0 0 21 0 0 0 110 0 8 0 14 0 
0 0 0 22 1 0 0 115 0 2 0 14 0 
0 0 0 23 0 0 0 120 0 0 0 12 0 
0 0 0 24 0 0 0 125 0 19 0 5 0 
0 0 0 25 0 0 0 130 0 5 0 0 0 
0 0 0 26 0 0 0 135 0 11 0 7 0 
0 0 0 27 1 0 0 140 0 12 0 6 0 
0 0 0 28 2 0 0 145 0 4 0 14 0 
0 0 0 29 1 0 0 150 0 15 0 12 0 
1 0 2 0 3 7 8 4 12 11 14 17 0 0 0 0 0 0 0 0 0 0 0 0 0 0 0 0 0 0 
3 3 3 13 14 0 0 0 0 0 0 0 0 0 0 0 0 0 0 0 0 0 0 0 0 0 0 0 0 0 
4 6 1 8 7 10 12 2 9 11 17 15 13 0 0 0 0 0 0 0 0 0 0 0 0 0 0 0 0 0 
4 14 0 0 0 0 0 0 0 0 0 0 0 0 0 0 0 0 0 0 0 0 0 0 0 0 0 0 0 0 
2 1 0 0 7422 
1 2 1 0 1 0 0 23 1 19 0 4 0 
1 2 1 1 0 0 0 10 1 1 0 12 0 
1 2 1 2 0 0 0 21 1 13 0 3 0 
1 2 1 3 0 0 0 20 1 19 0 6 0 
1 2 1 4 0 0 0 27 1 4 0 0 0 
0 0 0 5 0 36 0 30 1 5 0 14 0 
0 0 0 6 1 56 0 35 1 11 0 6 0 
0 0 0 7 0 0 0 40 0 10 0 3 0 
0 0 0 8 0 0 0 45 0 19 0 8 0 
0 0 0 9 0 0 0 50 0 21 0 11 0 
0 0 0 10 0 0 0 55 0 12 0 6 0 
0 0 0 11 0 0 0 60 0 13 0 16 0 
0 0 0 12 2 0 0 65 0 4 0 6 0 
0 0 0 13 2 0 0 70 0 9 0 11 0 
0 0 0 14 0 0 0 75 0 3 0 6 0 
0 0 0 15 2 0 0 80 0 17 0 16 0 
0 0 0 16 2 0 0 85 0 19 0 4 0 
0 0 0 17 0 0 0 90 0 3 0 16 0 
0 0 0 18 0 0 0 95 0 6 0 11 0 
0 0 0 19 0 100 0 100 0 18 0 15 0 
0 0 0 20 2 232 0 105 0 14 0 16 0 
0 0 0 21 0 0 0 110 0 8 0 14 0 
0 0 0 22 1 0 0 115 0 2 0 14 0 
0 0 0 23 0 0 0 120 0 0 0 12 0 
0 0 0 24 0 0 0 125 0 19 0 5 0 
0 0 0 25 0 0 0 130 0 5 0 0 0 
0 0 0 26 0 0 0 135 0 11 0 7 0 
0 0 0 27 1 0 0 140 0 12 0 6 0 
0 0 0 28 2 0 0 145 0 4 0 14 0 
0 0 0 29 1 0 0 150 0 15 0 12 0 
1 0 2 0 3 7 8 4 12 11 14 17 0 0 0 0 0 0 0 0 0 0 0 0 0 0 0 0 0 0 
3 4 3 13 14 0 0 0 0 0 0 0 0 0 0 0 0 0 0 0 0 0 0 0 0 0 0 0 0 0 
4 6 1 8 7 10 12 2 9 11 17 15 13 0 0 0 0 0 0 0 0 0 0 0 0 0 0 0 0 0 
4 14 0 0 0 0 0 0 0 0 0 0 0 0 0 0 0 0 0 0 0 0 0 0 0 0 0 0 0 0 
3 2 0 0 7180 
0 0 0 0 1 0 0 31 0 18 0 16 0 
1 2 1 1 0 0 0 10 1 1 0 12 0 
0 0 0 2 0 0 0 32 0 17 0 13 0 
1 2 1 3 0 0 0 20 1 19 0 6 0 
1 2 1 4 0 0 0 27 1 4 0 0 0 
0 0 0 5 0 70 0 30 1 5 0 14 0 
0 0 0 6 1 90 0 35 1 11 0 6 0 
0 0 0 7 0 0 0 40 0 10 0 3 0 
0 0 0 8 0 0 0 45 0 19 0 8 0 
0 0 0 9 0 0 0 50 0 21 0 11 0 
0 0 0 10 0 0 0 55 0 12 0 6 0 
0 0 0 11 0 0 0 60 0 13 0 16 0 
0 0 0 12 2 0 0 65 0 4 0 6 0 
0 0 0 13 2 0 0 70 0 9 0 11 0 
0 0 0 14 0 0 0 75 0 3 0 6 0 
0 0 0 15 2 0 0 80 0 17 0 16 0 
0 0 0 16 2 0 0 85 0 19 0 4 0 
0 0 0 17 0 0 0 90 0 3 0 16 0 
0 0 0 18 0 0 0 95 0 6 0 11 0 
0 0 0 19 0 100 0 100 0 18 0 15 0 
0 0 0 20 2 232 0 105 0 14 0 16 0 
0 0 0 21 0 0 0 110 0 8 0 14 0 
0 0 0 22 1 0 0 115 0 2 0 14 0 
0 0 0 23 0 0 0 120 0 0 0 12 0 
0 0 0 24 0 0 0 125 0 19 0 5 0 
0 0 0 25 0 0 0 130 0 5 0 0 0 
0 0 0 26 0 0 0 135 0 11 0 7 0 
0 0 0 27 1 0 0 140 0 12 0 6 0 
0 0 0 28 2 0 0 145 0 4 0 14 0 
0 0 0 29 1 0 0 150 0 15 0 12 0 
1 0 2 0 3 7 8 4 12 11 14 17 0 0 0 0 0 0 0 0 0 0 0 0 0 0 0 0 0 0 
3 4 3 13 14 0 0 0 0 0 0 0 0 0 0 0 0 0 0 0 0 0 0 0 0 0 0 0 0 0 
4 6 1 8 7 10 12 2 9 11 17 15 13 0 0 0 0 0 0 0 0 0 0 0 0 0 0 0 0 0 
4 14 0 0 0 0 0 0 0 0 0 0 0 0 0 0 0 0 0 0 0 0 0 0 0 0 0 0 0 0 
1 2 0 0 7146 
1 2 1 0 1 0 0 31 1 18 0 16 0 
1 2 1 1 0 0 0 10 1 1 0 12 0 
0 1 0 2 0 83 0 32 1 17 0 13 0 
1 2 1 3 0 0 0 20 1 19 0 6 0 
0 0 0 4 0 0 0 33 0 1 0 3 0 
0 0 0 5 0 0 0 34 0 6 0 6 0 
0 0 0 6 1 156 0 35 1 11 0 6 0 
0 0 0 7 0 178 0 40 1 10 0 3 0 
0 0 0 8 0 0 0 45 0 19 0 8 0 
0 0 0 9 0 0 0 50 0 21 0 11 0 
0 0 0 10 0 0 0 55 0 12 0 6 0 
0 0 0 11 0 0 0 60 0 13 0 16 0 
0 0 0 12 2 0 0 65 0 4 0 6 0 
0 0 0 13 2 0 0 70 0 9 0 11 0 
0 0 0 14 0 0 0 75 0 3 0 6 0 
0 0 0 15 2 0 0 80 0 17 0 16 0 
0 0 0 16 2 0 0 85 0 19 0 4 0 
0 0 0 17 0 0 0 90 0 3 0 16 0 
0 0 0 18 0 0 0 95 0 6 0 11 0 
0 0 0 19 0 100 0 100 0 18 0 15 0 
0 0 0 20 2 232 0 105 0 14 0 16 0 
0 0 0 21 0 0 0 110 0 8 0 14 0 
0 0 0 22 1 0 0 115 0 2 0 14 0 
0 0 0 23 0 0 0 120 0 0 0 12 0 
0 0 0 24 0 0 0 125 0 19 0 5 0 
0 0 0 25 0 0 0 130 0 5 0 0 0 
0 0 0 26 0 0 0 135 0 11 0 7 0 
0 0 0 27 1 0 0 140 0 12 0 6 0 
0 0 0 28 2 0 0 145 0 4 0 14 0 
0 0 0 29 1 0 0 150 0 15 0 12 0 
1 0 2 0 3 7 8 4 12 11 14 17 0 0 0 0 0 0 0 0 0 0 0 0 0 0 0 0 0 0 
3 4 5 13 14 0 0 0 0 0 0 0 0 0 0 0 0 0 0 0 0 0 0 0 0 0 0 0 0 0 
0 6 1 8 7 10 12 2 9 11 17 15 13 0 0 0 0 0 0 0 0 0 0 0 0 0 0 0 0 0 
4 14 0 0 0 0 0 0 0 0 0 0 0 0 0 0 0 0 0 0 0 0 0 0 0 0 0 0 0 0 
1 1 1 0 6817 
1 2 1 0 1 0 0 31 1 18 0 16 0 
1 2 1 1 0 0 0 10 1 1 0 12 0 
0 2 1 2 0 0 0 32 1 17 0 13 0 
1 2 1 3 0 0 0 20 1 19 0 6 0 
0 1 0 4 0 46 0 33 1 1 0 3 0 
0 0 0 5 0 60 0 34 1 6 0 6 0 
0 0 0 6 1 217 0 35 1 11 0 6 0 
0 0 0 7 0 239 0 40 1 10 0 3 0 
0 0 0 8 0 0 0 45 0 19 0 8 0 
0 0 0 9 0 0 0 50 0 21 0 11 0 
0 0 0 10 0 0 0 55 0 12 0 6 0 
0 0 0 11 0 0 0 60 0 13 0 16 0 
0 0 0 12 2 0 0 65 0 4 0 6 0 
0 0 0 13 2 0 0 70 0 9 0 11 0 
0 0 0 14 0 0 0 75 0 3 0 6 0 
0 0 0 15 2 0 0 80 0 17 0 16 0 
0 0 0 16 2 0 0 85 0 19 0 4 0 
0 0 0 17 0 0 0 90 0 3 0 16 0 
0 0 0 18 0 0 0 95 0 6 0 11 0 
0 0 0 19 0 100 0 100 0 18 0 15 0 
0 0 0 20 2 232 0 105 0 14 0 16 0 
0 0 0 21 0 0 0 110 0 8 0 14 0 
0 0 0 22 1 0 0 115 0 2 0 14 0 
0 0 0 23 0 0 0 120 0 0 0 12 0 
0 0 0 24 0 0 0 125 0 19 0 5 0 
0 0 0 25 0 0 0 130 0 5 0 0 0 
0 0 0 26 0 0 0 135 0 11 0 7 0 
0 0 0 27 1 0 0 140 0 12 0 6 0 
0 0 0 28 2 0 0 145 0 4 0 14 0 
0 0 0 29 1 0 0 150 0 15 0 12 0 
1 0 2 0 3 7 8 4 12 11 14 17 0 0 0 0 0 0 0 0 0 0 0 0 0 0 0 0 0 0 
3 4 5 13 14 0 0 0 0 0 0 0 0 0 0 0 0 0 0 0 0 0 0 0 0 0 0 0 0 0 
0 6 1 8 7 10 12 2 9 11 17 15 13 0 0 0 0 0 0 0 0 0 0 0 0 0 0 0 0 0 
4 14 0 0 0 0 0 0 0 0 0 0 0 0 0 0 0 0 0 0 0 0 0 0 0 0 0 0 0 0 
1 1 1 0 6754 
1 2 1 0 1 0 0 31 1 18 0 16 0 
1 2 1 1 0 0 0 10 1 1 0 12 0 
1 2 1 2 0 0 0 32 1 17 0 13 0 
1 2 1 3 0 0 0 20 1 19 0 6 0 
1 2 1 4 0 0 0 33 1 1 0 3 0 
1 2 1 5 0 0 0 34 1 6 0 6 0 
0 0 0 6 1 0 0 41 0 20 0 12 0 
0 1 0 7 0 12 0 40 1 10 0 3 0 
0 0 0 8 0 148 0 45 1 19 0 8 0 
0 0 0 9 0 0 0 50 0 21 0 11 0 
0 0 0 10 0 0 0 55 0 12 0 6 0 
0 0 0 11 0 0 0 60 0 13 0 16 0 
0 0 0 12 2 0 0 65 0 4 0 6 0 
0 0 0 13 2 0 0 70 0 9 0 11 0 
0 0 0 14 0 0 0 75 0 3 0 6 0 
0 0 0 15 2 0 0 80 0 17 0 16 0 
0 0 0 16 2 0 0 85 0 19 0 4 0 
0 0 0 17 0 0 0 90 0 3 0 16 0 
0 0 0 18 0 0 0 95 0 6 0 11 0 
0 0 0 19 0 100 0 100 0 18 0 15 0 
0 0 0 20 2 232 0 105 0 14 0 16 0 
0 0 0 21 0 0 0 110 0 8 0 14 0 
0 0 0 22 1 0 0 115 0 2 0 14 0 
0 0 0 23 0 0 0 120 0 0 0 12 0 
0 0 0 24 0 0 0 125 0 19 0 5 0 
0 0 0 25 0 0 0 130 0 5 0 0 0 
0 0 0 26 0 0 0 135 0 11 0 7 0 
0 0 0 27 1 0 0 140 0 12 0 6 0 
0 0 0 28 2 0 0 145 0 4 0 14 0 
0 0 0 29 1 0 0 150 0 15 0 12 0 
1 4 2 0 3 7 8 4 12 11 14 17 0 0 0 0 0 0 0 0 0 0 0 0 0 0 0 0 0 0 
3 6 5 13 14 0 0 0 0 0 0 0 0 0 0 0 0 0 0 0 0 0 0 0 0 0 0 0 0 0 
0 2 5 8 7 10 12 2 9 11 17 15 13 0 0 0 0 0 0 0 0 0 0 0 0 0 0 0 0 0 
4 14 0 0 0 0 0 0 0 0 0 0 0 0 0 0 0 0 0 0 0 0 0 0 0 0 0 0 0 0 
2 1 3 0 6088 
1 2 1 0 1 0 0 31 1 18 0 16 0 
1 2 1 1 0 0 0 10 1 1 0 12 0 
0 0 0 2 0 0 0 42 0 4 0 11 0 
1 2 1 3 0 0 0 20 1 19 0 6 0 
1 2 1 4 0 0 0 33 1 1 0 3 0 
0 0 0 5 0 0 0 43 0 7 0 0 0 
0 0 0 6 1 38 0 41 1 20 0 12 0 
0 1 0 7 0 52 0 40 1 10 0 3 0 
0 0 0 8 0 186 0 45 1 19 0 8 0 
0 0 0 9 0 0 0 50 0 21 0 11 0 
0 0 0 10 0 0 0 55 0 12 0 6 0 
0 0 0 11 0 0 0 60 0 13 0 16 0 
0 0 0 12 2 0 0 65 0 4 0 6 0 
0 0 0 13 2 0 0 70 0 9 0 11 0 
0 0 0 14 0 0 0 75 0 3 0 6 0 
0 0 0 15 2 0 0 80 0 17 0 16 0 
0 0 0 16 2 0 0 85 0 19 0 4 0 
0 0 0 17 0 0 0 90 0 3 0 16 0 
0 0 0 18 0 0 0 95 0 6 0 11 0 
0 0 0 19 0 100 0 100 0 18 0 15 0 
0 0 0 20 2 232 0 105 0 14 0 16 0 
0 0 0 21 0 0 0 110 0 8 0 14 0 
0 0 0 22 1 0 0 115 0 2 0 14 0 
0 0 0 23 0 0 0 120 0 0 0 12 0 
0 0 0 24 0 0 0 125 0 19 0 5 0 
0 0 0 25 0 0 0 130 0 5 0 0 0 
0 0 0 26 0 0 0 135 0 11 0 7 0 
0 0 0 27 1 0 0 140 0 12 0 6 0 
0 0 0 28 2 0 0 145 0 4 0 14 0 
0 0 0 29 1 0 0 150 0 15 0 12 0 
1 4 2 0 3 7 8 4 12 11 14 17 0 0 0 0 0 0 0 0 0 0 0 0 0 0 0 0 0 0 
3 6 5 13 14 0 0 0 0 0 0 0 0 0 0 0 0 0 0 0 0 0 0 0 0 0 0 0 0 0 
0 2 5 8 7 10 12 2 9 11 17 15 13 0 0 0 0 0 0 0 0 0 0 0 0 0 0 0 0 0 
4 14 0 0 0 0 0 0 0 0 0 0 0 0 0 0 0 0 0 0 0 0 0 0 0 0 0 0 0 0 
2 1 1 0 6048 
1 2 1 0 1 0 0 31 1 18 0 16 0 
1 2 1 1 0 0 0 10 1 1 0 12 0 
1 2 1 2 0 0 0 42 1 4 0 11 0 
1 2 1 3 0 0 0 20 1 19 0 6 0 
1 2 1 4 0 0 0 33 1 1 0 3 0 
0 0 0 5 0 0 0 47 0 6 0 8 0 
1 2 1 6 1 0 0 41 1 20 0 12 0 
1 2 1 7 0 0 0 40 1 10 0 3 0 
0 2 1 8 0 0 0 45 1 19 0 8 0 
0 0 0 9 0 243 0 50 1 21 0 11 0 
0 0 0 10 0 9 0 55 1 12 0 6 0 
0 0 0 11 0 0 0 60 0 13 0 16 0 
0 0 0 12 2 0 0 65 0 4 0 6 0 
0 0 0 13 2 0 0 70 0 9 0 11 0 
0 0 0 14 0 0 0 75 0 3 0 6 0 
0 0 0 15 2 0 0 80 0 17 0 16 0 
0 0 0 16 2 0 0 85 0 19 0 4 0 
0 0 0 17 0 0 0 90 0 3 0 16 0 
0 0 0 18 0 0 0 95 0 6 0 11 0 
0 0 0 19 0 100 0 100 0 18 0 15 0 
0 0 0 20 2 232 0 105 0 14 0 16 0 
0 0 0 21 0 0 0 110 0 8 0 14 0 
0 0 0 22 1 0 0 115 0 2 0 14 0 
0 0 0 23 0 0 0 120 0 0 0 12 0 
0 0 0 24 0 0 0 125 0 19 0 5 0 
0 0 0 25 0 0 0 130 0 5 0 0 0 
0 0 0 26 0 0 0 135 0 11 0 7 0 
0 0 0 27 1 0 0 140 0 12 0 6 0 
0 0 0 28 2 0 0 145 0 4 0 14 0 
0 0 0 29 1 0 0 150 0 15 0 12 0 
1 4 7 0 3 7 8 4 12 11 14 17 0 0 0 0 0 0 0 0 0 0 0 0 0 0 0 0 0 0 
3 5 5 13 14 0 0 0 0 0 0 0 0 0 0 0 0 0 0 0 0 0 0 0 0 0 0 0 0 0 
0 2 5 8 7 10 12 2 9 11 17 15 13 0 0 0 0 0 0 0 0 0 0 0 0 0 0 0 0 0 
6 14 0 0 0 0 0 0 0 0 0 0 0 0 0 0 0 0 0 0 0 0 0 0 0 0 0 0 0 0 
3 1 2 1 5490 
1 2 1 0 1 0 0 31 1 18 0 16 0 
1 2 1 1 0 0 0 10 1 1 0 12 0 
1 2 1 2 0 0 0 42 1 4 0 11 0 
1 2 1 3 0 0 0 20 1 19 0 6 0 
1 2 1 4 0 0 0 33 1 1 0 3 0 
1 2 1 5 0 0 0 47 1 6 0 8 0 
0 0 0 6 1 0 0 49 0 15 0 4 0 
1 2 1 7 0 0 0 40 1 10 0 3 0 
0 2 1 8 0 0 0 45 1 19 0 8 0 
0 0 0 9 0 212 0 50 1 21 0 11 0 
0 0 0 10 0 233 0 55 1 12 0 6 0 
0 0 0 11 0 0 0 60 0 13 0 16 0 
0 0 0 12 2 0 0 65 0 4 0 6 0 
0 0 0 13 2 0 0 70 0 9 0 11 0 
0 0 0 14 0 0 0 75 0 3 0 6 0 
0 0 0 15 2 0 0 80 0 17 0 16 0 
0 0 0 16 2 0 0 85 0 19 0 4 0 
0 0 0 17 0 0 0 90 0 3 0 16 0 
0 0 0 18 0 0 0 95 0 6 0 11 0 
0 0 0 19 0 100 0 100 0 18 0 15 0 
0 0 0 20 2 232 0 105 0 14 0 16 0 
0 0 0 21 0 0 0 110 0 8 0 14 0 
0 0 0 22 1 0 0 115 0 2 0 14 0 
0 0 0 23 0 0 0 120 0 0 0 12 0 
0 0 0 24 0 0 0 125 0 19 0 5 0 
0 0 0 25 0 0 0 130 0 5 0 0 0 
0 0 0 26 0 0 0 135 0 11 0 7 0 
0 0 0 27 1 0 0 140 0 12 0 6 0 
0 0 0 28 2 0 0 145 0 4 0 14 0 
0 0 0 29 1 0 0 150 0 15 0 12 0 
1 4 7 0 3 7 8 4 12 11 14 17 0 0 0 0 0 0 0 0 0 0 0 0 0 0 0 0 0 0 
3 5 5 13 14 0 0 0 0 0 0 0 0 0 0 0 0 0 0 0 0 0 0 0 0 0 0 0 0 0 
0 2 5 8 7 10 12 2 9 11 17 15 13 0 0 0 0 0 0 0 0 0 0 0 0 0 0 0 0 0 
6 14 0 0 0 0 0 0 0 0 0 0 0 0 0 0 0 0 0 0 0 0 0 0 0 0 0 0 0 0 
3 1 3 0 5260 
1 2 1 0 1 0 0 31 1 18 0 16 0 
1 2 1 1 0 0 0 10 1 1 0 12 0 
1 2 1 2 0 0 0 42 1 4 0 11 0 
0 0 0 3 0 0 0 51 0 4 0 14 0 
1 2 1 4 0 0 0 33 1 1 0 3 0 
1 2 1 5 0 0 0 47 1 6 0 8 0 
0 2 1 6 1 0 0 49 1 15 0 4 0 
1 2 1 7 0 0 0 40 1 10 0 3 0 
1 2 1 8 0 0 0 45 1 19 0 8 0 
0 1 0 9 0 63 0 50 1 21 0 11 0 
0 0 0 10 0 197 0 55 1 12 0 6 0 
0 0 0 11 0 0 0 60 0 13 0 16 0 
0 0 0 12 2 0 0 65 0 4 0 6 0 
0 0 0 13 2 0 0 70 0 9 0 11 0 
0 0 0 14 0 0 0 75 0 3 0 6 0 
0 0 0 15 2 0 0 80 0 17 0 16 0 
0 0 0 16 2 0 0 85 0 19 0 4 0 
0 0 0 17 0 0 0 90 0 3 0 16 0 
0 0 0 18 0 0 0 95 0 6 0 11 0 
0 0 0 19 0 100 0 100 0 18 0 15 0 
0 0 0 20 2 232 0 105 0 14 0 16 0 
0 0 0 21 0 0 0 110 0 8 0 14 0 
0 0 0 22 1 0 0 115 0 2 0 14 0 
0 0 0 23 0 0 0 120 0 0 0 12 0 
0 0 0 24 0 0 0 125 0 19 0 5 0 
0 0 0 25 0 0 0 130 0 5 0 0 0 
0 0 0 26 0 0 0 135 0 11 0 7 0 
0 0 0 27 1 0 0 140 0 12 0 6 0 
0 0 0 28 2 0 0 145 0 4 0 14 0 
0 0 0 29 1 0 0 150 0 15 0 12 0 
1 4 7 8 3 7 8 4 12 11 14 17 0 0 0 0 0 0 0 0 0 0 0 0 0 0 0 0 0 0 
3 5 5 13 14 0 0 0 0 0 0 0 0 0 0 0 0 0 0 0 0 0 0 0 0 0 0 0 0 0 
0 2 5 8 7 10 12 2 9 11 17 15 13 0 0 0 0 0 0 0 0 0 0 0 0 0 0 0 0 0 
6 14 0 0 0 0 0 0 0 0 0 0 0 0 0 0 0 0 0 0 0 0 0 0 0 0 0 0 0 0 
4 0 3 0 5037 
1 2 1 0 1 0 0 31 1 18 0 16 0 
1 2 1 1 0 0 0 10 1 1 0 12 0 
1 2 1 2 0 0 0 42 1 4 0 11 0 
0 2 1 3 0 0 0 51 1 4 0 14 0 
1 2 1 4 0 0 0 33 1 1 0 3 0 
1 2 1 5 0 0 0 47 1 6 0 8 0 
0 2 1 6 1 0 0 49 1 15 0 4 0 
1 2 1 7 0 0 0 40 1 10 0 3 0 
1 2 1 8 0 0 0 45 1 19 0 8 0 
0 2 1 9 0 0 0 50 1 21 0 11 0 
0 0 0 10 0 79 0 55 1 12 0 6 0 
0 0 0 11 0 101 0 60 1 13 0 16 0 
0 0 0 12 2 0 0 65 0 4 0 6 0 
0 0 0 13 2 0 0 70 0 9 0 11 0 
0 0 0 14 0 0 0 75 0 3 0 6 0 
0 0 0 15 2 0 0 80 0 17 0 16 0 
0 0 0 16 2 0 0 85 0 19 0 4 0 
0 0 0 17 0 0 0 90 0 3 0 16 0 
0 0 0 18 0 0 0 95 0 6 0 11 0 
0 0 0 19 0 100 0 100 0 18 0 15 0 
0 0 0 20 2 232 0 105 0 14 0 16 0 
0 0 0 21 0 0 0 110 0 8 0 14 0 
0 0 0 22 1 0 0 115 0 2 0 14 0 
0 0 0 23 0 0 0 120 0 0 0 12 0 
0 0 0 24 0 0 0 125 0 19 0 5 0 
0 0 0 25 0 0 0 130 0 5 0 0 0 
0 0 0 26 0 0 0 135 0 11 0 7 0 
0 0 0 27 1 0 0 140 0 12 0 6 0 
0 0 0 28 2 0 0 145 0 4 0 14 0 
0 0 0 29 1 0 0 150 0 15 0 12 0 
1 4 7 8 3 7 8 4 12 11 14 17 0 0 0 0 0 0 0 0 0 0 0 0 0 0 0 0 0 0 
3 5 5 13 14 0 0 0 0 0 0 0 0 0 0 0 0 0 0 0 0 0 0 0 0 0 0 0 0 0 
0 2 5 8 7 10 12 2 9 11 17 15 13 0 0 0 0 0 0 0 0 0 0 0 0 0 0 0 0 0 
6 14 0 0 0 0 0 0 0 0 0 0 0 0 0 0 0 0 0 0 0 0 0 0 0 0 0 0 0 0 
4 0 3 0 4896 
1 2 1 0 1 0 0 31 1 18 0 16 0 
1 2 1 1 0 0 0 10 1 1 0 12 0 
1 2 1 2 0 0 0 42 1 4 0 11 0 
1 2 1 3 0 0 0 51 1 4 0 14 0 
1 2 1 4 0 0 0 33 1 1 0 3 0 
1 2 1 5 0 0 0 47 1 6 0 8 0 
0 2 1 6 1 0 0 49 1 15 0 4 0 
1 2 1 7 0 0 0 40 1 10 0 3 0 
1 2 1 8 0 0 0 45 1 19 0 8 0 
1 2 1 9 0 0 0 50 1 21 0 11 0 
0 0 0 10 0 207 0 55 1 12 0 6 0 
0 0 0 11 0 229 0 60 1 13 0 16 0 
0 0 0 12 2 0 0 65 0 4 0 6 0 
0 0 0 13 2 0 0 70 0 9 0 11 0 
0 0 0 14 0 0 0 75 0 3 0 6 0 
0 0 0 15 2 0 0 80 0 17 0 16 0 
0 0 0 16 2 0 0 85 0 19 0 4 0 
0 0 0 17 0 0 0 90 0 3 0 16 0 
0 0 0 18 0 0 0 95 0 6 0 11 0 
0 0 0 19 0 100 0 100 0 18 0 15 0 
0 0 0 20 2 232 0 105 0 14 0 16 0 
0 0 0 21 0 0 0 110 0 8 0 14 0 
0 0 0 22 1 0 0 115 0 2 0 14 0 
0 0 0 23 0 0 0 120 0 0 0 12 0 
0 0 0 24 0 0 0 125 0 19 0 5 0 
0 0 0 25 0 0 0 130 0 5 0 0 0 
0 0 0 26 0 0 0 135 0 11 0 7 0 
0 0 0 27 1 0 0 140 0 12 0 6 0 
0 0 0 28 2 0 0 145 0 4 0 14 0 
0 0 0 29 1 0 0 150 0 15 0 12 0 
1 4 7 8 9 7 8 4 12 11 14 17 0 0 0 0 0 0 0 0 0 0 0 0 0 0 0 0 0 0 
3 5 5 13 14 0 0 0 0 0 0 0 0 0 0 0 0 0 0 0 0 0 0 0 0 0 0 0 0 0 
0 2 5 3 7 10 12 2 9 11 17 15 13 0 0 0 0 0 0 0 0 0 0 0 0 0 0 0 0 0 
6 14 0 0 0 0 0 0 0 0 0 0 0 0 0 0 0 0 0 0 0 0 0 0 0 0 0 0 0 0 
5 0 4 0 4764 
1 2 1 0 1 0 0 31 1 18 0 16 0 
1 2 1 1 0 0 0 10 1 1 0 12 0 
1 2 1 2 0 0 0 42 1 4 0 11 0 
1 2 1 3 0 0 0 51 1 4 0 14 0 
1 2 1 4 0 0 0 33 1 1 0 3 0 
1 2 1 5 0 0 0 47 1 6 0 8 0 
0 2 1 6 1 0 0 49 1 15 0 4 0 
1 2 1 7 0 0 0 40 1 10 0 3 0 
1 2 1 8 0 0 0 45 1 19 0 8 0 
1 2 1 9 0 0 0 50 1 21 0 11 0 
0 2 1 10 0 0 0 55 1 12 0 6 0 
0 0 0 11 0 248 0 60 1 13 0 16 0 
0 0 0 12 2 15 0 65 1 4 0 6 0 
0 0 0 13 2 0 0 70 0 9 0 11 0 
0 0 0 14 0 0 0 75 0 3 0 6 0 
0 0 0 15 2 0 0 80 0 17 0 16 0 
0 0 0 16 2 0 0 85 0 19 0 4 0 
0 0 0 17 0 0 0 90 0 3 0 16 0 
0 0 0 18 0 0 0 95 0 6 0 11 0 
0 0 0 19 0 100 0 100 0 18 0 15 0 
0 0 0 20 2 232 0 105 0 14 0 16 0 
0 0 0 21 0 0 0 110 0 8 0 14 0 
0 0 0 22 1 0 0 115 0 2 0 14 0 
0 0 0 23 0 0 0 120 0 0 0 12 0 
0 0 0 24 0 0 0 125 0 19 0 5 0 
0 0 0 25 0 0 0 130 0 5 0 0 0 
0 0 0 26 0 0 0 135 0 11 0 7 0 
0 0 0 27 1 0 0 140 0 12 0 6 0 
0 0 0 28 2 0 0 145 0 4 0 14 0 
0 0 0 29 1 0 0 150 0 15 0 12 0 
1 4 7 8 9 7 8 4 12 11 14 17 0 0 0 0 0 0 0 0 0 0 0 0 0 0 0 0 0 0 
3 5 5 13 14 0 0 0 0 0 0 0 0 0 0 0 0 0 0 0 0 0 0 0 0 0 0 0 0 0 
0 2 5 3 7 10 12 2 9 11 17 15 13 0 0 0 0 0 0 0 0 0 0 0 0 0 0 0 0 0 
6 14 0 0 0 0 0 0 0 0 0 0 0 0 0 0 0 0 0 0 0 0 0 0 0 0 0 0 0 0 
5 0 4 0 4484 
1 2 1 0 1 0 0 31 1 18 0 16 0 
1 2 1 1 0 0 0 10 1 1 0 12 0 
1 2 1 2 0 0 0 42 1 4 0 11 0 
1 2 1 3 0 0 0 51 1 4 0 14 0 
1 2 1 4 0 0 0 33 1 1 0 3 0 
1 2 1 5 0 0 0 47 1 6 0 8 0 
1 2 1 6 1 0 0 49 1 15 0 4 0 
1 2 1 7 0 0 0 40 1 10 0 3 0 
1 2 1 8 0 0 0 45 1 19 0 8 0 
1 2 1 9 0 0 0 50 1 21 0 11 0 
0 2 1 10 0 0 0 55 1 12 0 6 0 
0 0 0 11 0 66 0 60 1 13 0 16 0 
0 0 0 12 2 88 0 65 1 4 0 6 0 
0 0 0 13 2 0 0 70 0 9 0 11 0 
0 0 0 14 0 0 0 75 0 3 0 6 0 
0 0 0 15 2 0 0 80 0 17 0 16 0 
0 0 0 16 2 0 0 85 0 19 0 4 0 
0 0 0 17 0 0 0 90 0 3 0 16 0 
0 0 0 18 0 0 0 95 0 6 0 11 0 
0 0 0 19 0 100 0 100 0 18 0 15 0 
0 0 0 20 2 232 0 105 0 14 0 16 0 
0 0 0 21 0 0 0 110 0 8 0 14 0 
0 0 0 22 1 0 0 115 0 2 0 14 0 
0 0 0 23 0 0 0 120 0 0 0 12 0 
0 0 0 24 0 0 0 125 0 19 0 5 0 
0 0 0 25 0 0 0 130 0 5 0 0 0 
0 0 0 26 0 0 0 135 0 11 0 7 0 
0 0 0 27 1 0 0 140 0 12 0 6 0 
0 0 0 28 2 0 0 145 0 4 0 14 0 
0 0 0 29 1 0 0 150 0 15 0 12 0 
1 4 7 8 9 6 8 4 12 11 14 17 0 0 0 0 0 0 0 0 0 0 0 0 0 0 0 0 0 0 
3 5 5 13 14 0 0 0 0 0 0 0 0 0 0 0 0 0 0 0 0 0 0 0 0 0 0 0 0 0 
0 2 5 3 7 10 12 2 9 11 17 15 13 0 0 0 0 0 0 0 0 0 0 0 0 0 0 0 0 0 
6 14 0 0 0 0 0 0 0 0 0 0 0 0 0 0 0 0 0 0 0 0 0 0 0 0 0 0 0 0 
6 0 4 0 4148 
1 2 1 0 1 0 0 31 1 18 0 16 0 
1 2 1 1 0 0 0 10 1 1 0 12 0 
1 2 1 2 0 0 0 42 1 4 0 11 0 
1 2 1 3 0 0 0 51 1 4 0 14 0 
1 2 1 4 0 0 0 33 1 1 0 3 0 
1 2 1 5 0 0 0 47 1 6 0 8 0 
1 2 1 6 1 0 0 49 1 15 0 4 0 
1 2 1 7 0 0 0 40 1 10 0 3 0 
1 2 1 8 0 0 0 45 1 19 0 8 0 
1 2 1 9 0 0 0 50 1 21 0 11 0 
0 2 1 10 0 0 0 55 1 12 0 6 0 
0 0 0 11 0 97 0 60 1 13 0 16 0 
0 0 0 12 2 119 0 65 1 4 0 6 0 
0 0 0 13 2 0 0 70 0 9 0 11 0 
0 0 0 14 0 0 0 75 0 3 0 6 0 
0 0 0 15 2 0 0 80 0 17 0 16 0 
0 0 0 16 2 0 0 85 0 19 0 4 0 
0 0 0 17 0 0 0 90 0 3 0 16 0 
0 0 0 18 0 0 0 95 0 6 0 11 0 
0 0 0 19 0 100 0 100 0 18 0 15 0 
0 0 0 20 2 232 0 105 0 14 0 16 0 
0 0 0 21 0 0 0 110 0 8 0 14 0 
0 0 0 22 1 0 0 115 0 2 0 14 0 
0 0 0 23 0 0 0 120 0 0 0 12 0 
0 0 0 24 0 0 0 125 0 19 0 5 0 
0 0 0 25 0 0 0 130 0 5 0 0 0 
0 0 0 26 0 0 0 135 0 11 0 7 0 
0 0 0 27 1 0 0 140 0 12 0 6 0 
0 0 0 28 2 0 0 145 0 4 0 14 0 
0 0 0 29 1 0 0 150 0 15 0 12 0 
1 4 7 8 9 6 8 4 12 11 14 17 0 0 0 0 0 0 0 0 0 0 0 0 0 0 0 0 0 0 
3 5 5 13 14 0 0 0 0 0 0 0 0 0 0 0 0 0 0 0 0 0 0 0 0 0 0 0 0 0 
0 2 5 3 7 10 12 2 9 11 17 15 13 0 0 0 0 0 0 0 0 0 0 0 0 0 0 0 0 0 
6 14 0 0 0 0 0 0 0 0 0 0 0 0 0 0 0 0 0 0 0 0 0 0 0 0 0 0 0 0 
6 0 4 0 4117 
1 2 1 0 1 0 0 31 1 18 0 16 0 
1 2 1 1 0 0 0 10 1 1 0 12 0 
1 2 1 2 0 0 0 42 1 4 0 11 0 
1 2 1 3 0 0 0 51 1 4 0 14 0 
1 2 1 4 0 0 0 33 1 1 0 3 0 
1 2 1 5 0 0 0 47 1 6 0 8 0 
1 2 1 6 1 0 0 49 1 15 0 4 0 
1 2 1 7 0 0 0 40 1 10 0 3 0 
1 2 1 8 0 0 0 45 1 19 0 8 0 
1 2 1 9 0 0 0 50 1 21 0 11 0 
1 2 1 10 0 0 0 55 1 12 0 6 0 
1 2 1 11 0 0 0 60 1 13 0 16 0 
0 0 0 12 2 252 0 65 1 4 0 6 0 
0 0 0 13 2 17 0 70 1 9 0 11 0 
0 0 0 14 0 0 0 75 0 3 0 6 0 
0 0 0 15 2 0 0 80 0 17 0 16 0 
0 0 0 16 2 0 0 85 0 19 0 4 0 
0 0 0 17 0 0 0 90 0 3 0 16 0 
0 0 0 18 0 0 0 95 0 6 0 11 0 
0 0 0 19 0 100 0 100 0 18 0 15 0 
0 0 0 20 2 232 0 105 0 14 0 16 0 
0 0 0 21 0 0 0 110 0 8 0 14 0 
0 0 0 22 1 0 0 115 0 2 0 14 0 
0 0 0 23 0 0 0 120 0 0 0 12 0 
0 0 0 24 0 0 0 125 0 19 0 5 0 
0 0 0 25 0 0 0 130 0 5 0 0 0 
0 0 0 26 0 0 0 135 0 11 0 7 0 
0 0 0 27 1 0 0 140 0 12 0 6 0 
0 0 0 28 2 0 0 145 0 4 0 14 0 
0 0 0 29 1 0 0 150 0 15 0 12 0 
1 4 7 8 9 6 11 4 12 11 14 17 0 0 0 0 0 0 0 0 0 0 0 0 0 0 0 0 0 0 
3 5 5 13 14 0 0 0 0 0 0 0 0 0 0 0 0 0 0 0 0 0 0 0 0 0 0 0 0 0 
0 2 5 3 10 10 12 2 9 11 17 15 13 0 0 0 0 0 0 0 0 0 0 0 0 0 0 0 0 0 
6 14 0 0 0 0 0 0 0 0 0 0 0 0 0 0 0 0 0 0 0 0 0 0 0 0 0 0 0 0 
7 0 5 0 3721 
1 2 1 0 1 0 0 31 1 18 0 16 0 
1 2 1 1 0 0 0 10 1 1 0 12 0 
1 2 1 2 0 0 0 42 1 4 0 11 0 
1 2 1 3 0 0 0 51 1 4 0 14 0 
1 2 1 4 0 0 0 33 1 1 0 3 0 
1 2 1 5 0 0 0 47 1 6 0 8 0 
1 2 1 6 1 0 0 49 1 15 0 4 0 
1 2 1 7 0 0 0 40 1 10 0 3 0 
1 2 1 8 0 0 0 45 1 19 0 8 0 
1 2 1 9 0 0 0 50 1 21 0 11 0 
1 2 1 10 0 0 0 55 1 12 0 6 0 
1 2 1 11 0 0 0 60 1 13 0 16 0 
0 0 0 12 2 16 0 65 1 4 0 6 0 
0 0 0 13 2 36 0 70 1 9 0 11 0 
0 0 0 14 0 0 0 75 0 3 0 6 0 
0 0 0 15 2 0 0 80 0 17 0 16 0 
0 0 0 16 2 0 0 85 0 19 0 4 0 
0 0 0 17 0 0 0 90 0 3 0 16 0 
0 0 0 18 0 0 0 95 0 6 0 11 0 
0 0 0 19 0 100 0 100 0 18 0 15 0 
0 0 0 20 2 232 0 105 0 14 0 16 0 
0 0 0 21 0 0 0 110 0 8 0 14 0 
0 0 0 22 1 0 0 115 0 2 0 14 0 
0 0 0 23 0 0 0 120 0 0 0 12 0 
0 0 0 24 0 0 0 125 0 19 0 5 0 
0 0 0 25 0 0 0 130 0 5 0 0 0 
0 0 0 26 0 0 0 135 0 11 0 7 0 
0 0 0 27 1 0 0 140 0 12 0 6 0 
0 0 0 28 2 0 0 145 0 4 0 14 0 
0 0 0 29 1 0 0 150 0 15 0 12 0 
1 4 7 8 9 6 11 4 12 11 14 17 0 0 0 0 0 0 0 0 0 0 0 0 0 0 0 0 0 0 
3 5 5 13 14 0 0 0 0 0 0 0 0 0 0 0 0 0 0 0 0 0 0 0 0 0 0 0 0 0 
0 2 5 3 10 10 12 2 9 11 17 15 13 0 0 0 0 0 0 0 0 0 0 0 0 0 0 0 0 0 
6 14 0 0 0 0 0 0 0 0 0 0 0 0 0 0 0 0 0 0 0 0 0 0 0 0 0 0 0 0 
7 0 5 0 3700 
1 2 1 0 1 0 0 31 1 18 0 16 0 
1 2 1 1 0 0 0 10 1 1 0 12 0 
1 2 1 2 0 0 0 42 1 4 0 11 0 
1 2 1 3 0 0 0 51 1 4 0 14 0 
1 2 1 4 0 0 0 33 1 1 0 3 0 
1 2 1 5 0 0 0 47 1 6 0 8 0 
1 2 1 6 1 0 0 49 1 15 0 4 0 
1 2 1 7 0 0 0 40 1 10 0 3 0 
1 2 1 8 0 0 0 45 1 19 0 8 0 
1 2 1 9 0 0 0 50 1 21 0 11 0 
1 2 1 10 0 0 0 55 1 12 0 6 0 
1 2 1 11 0 0 0 60 1 13 0 16 0 
0 2 1 12 2 0 0 65 1 4 0 6 0 
0 0 0 13 2 12 0 70 1 9 0 11 0 
0 0 0 14 0 34 0 75 1 3 0 6 0 
0 0 0 15 2 0 0 80 0 17 0 16 0 
0 0 0 16 2 0 0 85 0 19 0 4 0 
0 0 0 17 0 0 0 90 0 3 0 16 0 
0 0 0 18 0 0 0 95 0 6 0 11 0 
0 0 0 19 0 100 0 100 0 18 0 15 0 
0 0 0 20 2 232 0 105 0 14 0 16 0 
0 0 0 21 0 0 0 110 0 8 0 14 0 
0 0 0 22 1 0 0 115 0 2 0 14 0 
0 0 0 23 0 0 0 120 0 0 0 12 0 
0 0 0 24 0 0 0 125 0 19 0 5 0 
0 0 0 25 0 0 0 130 0 5 0 0 0 
0 0 0 26 0 0 0 135 0 11 0 7 0 
0 0 0 27 1 0 0 140 0 12 0 6 0 
0 0 0 28 2 0 0 145 0 4 0 14 0 
0 0 0 29 1 0 0 150 0 15 0 12 0 
1 4 7 8 9 6 11 4 12 11 14 17 0 0 0 0 0 0 0 0 0 0 0 0 0 0 0 0 0 0 
3 5 5 13 14 0 0 0 0 0 0 0 0 0 0 0 0 0 0 0 0 0 0 0 0 0 0 0 0 0 
0 2 5 3 10 10 12 2 9 11 17 15 13 0 0 0 0 0 0 0 0 0 0 0 0 0 0 0 0 0 
6 14 0 0 0 0 0 0 0 0 0 0 0 0 0 0 0 0 0 0 0 0 0 0 0 0 0 0 0 0 
7 0 5 0 3465 
1 2 1 0 1 0 0 31 1 18 0 16 0 
1 2 1 1 0 0 0 10 1 1 0 12 0 
1 2 1 2 0 0 0 42 1 4 0 11 0 
1 2 1 3 0 0 0 51 1 4 0 14 0 
1 2 1 4 0 0 0 33 1 1 0 3 0 
1 2 1 5 0 0 0 47 1 6 0 8 0 
1 2 1 6 1 0 0 49 1 15 0 4 0 
1 2 1 7 0 0 0 40 1 10 0 3 0 
1 2 1 8 0 0 0 45 1 19 0 8 0 
1 2 1 9 0 0 0 50 1 21 0 11 0 
1 2 1 10 0 0 0 55 1 12 0 6 0 
1 2 1 11 0 0 0 60 1 13 0 16 0 
0 2 1 12 2 0 0 65 1 4 0 6 0 
0 0 0 13 2 114 0 70 1 9 0 11 0 
0 0 0 14 0 136 0 75 1 3 0 6 0 
0 0 0 15 2 0 0 80 0 17 0 16 0 
0 0 0 16 2 0 0 85 0 19 0 4 0 
0 0 0 17 0 0 0 90 0 3 0 16 0 
0 0 0 18 0 0 0 95 0 6 0 11 0 
0 0 0 19 0 100 0 100 0 18 0 15 0 
0 0 0 20 2 232 0 105 0 14 0 16 0 
0 0 0 21 0 0 0 110 0 8 0 14 0 
0 0 0 22 1 0 0 115 0 2 0 14 0 
0 0 0 23 0 0 0 120 0 0 0 12 0 
0 0 0 24 0 0 0 125 0 19 0 5 0 
0 0 0 25 0 0 0 130 0 5 0 0 0 
0 0 0 26 0 0 0 135 0 11 0 7 0 
0 0 0 27 1 0 0 140 0 12 0 6 0 
0 0 0 28 2 0 0 145 0 4 0 14 0 
0 0 0 29 1 0 0 150 0 15 0 12 0 
1 4 7 8 9 6 11 4 12 11 14 17 0 0 0 0 0 0 0 0 0 0 0 0 0 0 0 0 0 0 
3 5 5 13 14 0 0 0 0 0 0 0 0 0 0 0 0 0 0 0 0 0 0 0 0 0 0 0 0 0 
0 2 5 3 10 10 12 2 9 11 17 15 13 0 0 0 0 0 0 0 0 0 0 0 0 0 0 0 0 0 
6 14 0 0 0 0 0 0 0 0 0 0 0 0 0 0 0 0 0 0 0 0 0 0 0 0 0 0 0 0 
7 0 5 0 3361 
1 2 1 0 1 0 0 31 1 18 0 16 0 
1 2 1 1 0 0 0 10 1 1 0 12 0 
1 2 1 2 0 0 0 42 1 4 0 11 0 
1 2 1 3 0 0 0 51 1 4 0 14 0 
1 2 1 4 0 0 0 33 1 1 0 3 0 
1 2 1 5 0 0 0 47 1 6 0 8 0 
1 2 1 6 1 0 0 49 1 15 0 4 0 
1 2 1 7 0 0 0 40 1 10 0 3 0 
1 2 1 8 0 0 0 45 1 19 0 8 0 
1 2 1 9 0 0 0 50 1 21 0 11 0 
1 2 1 10 0 0 0 55 1 12 0 6 0 
1 2 1 11 0 0 0 60 1 13 0 16 0 
0 2 1 12 2 0 0 65 1 4 0 6 0 
0 1 0 13 2 74 0 70 1 9 0 11 0 
0 0 0 14 0 208 0 75 1 3 0 6 0 
0 0 0 15 2 0 0 80 0 17 0 16 0 
0 0 0 16 2 0 0 85 0 19 0 4 0 
0 0 0 17 0 0 0 90 0 3 0 16 0 
0 0 0 18 0 0 0 95 0 6 0 11 0 
0 0 0 19 0 100 0 100 0 18 0 15 0 
0 0 0 20 2 232 0 105 0 14 0 16 0 
0 0 0 21 0 0 0 110 0 8 0 14 0 
0 0 0 22 1 0 0 115 0 2 0 14 0 
0 0 0 23 0 0 0 120 0 0 0 12 0 
0 0 0 24 0 0 0 125 0 19 0 5 0 
0 0 0 25 0 0 0 130 0 5 0 0 0 
0 0 0 26 0 0 0 135 0 11 0 7 0 
0 0 0 27 1 0 0 140 0 12 0 6 0 
0 0 0 28 2 0 0 145 0 4 0 14 0 
0 0 0 29 1 0 0 150 0 15 0 12 0 
1 4 7 8 9 6 11 4 12 11 14 17 0 0 0 0 0 0 0 0 0 0 0 0 0 0 0 0 0 0 
3 5 5 13 14 0 0 0 0 0 0 0 0 0 0 0 0 0 0 0 0 0 0 0 0 0 0 0 0 0 
0 2 5 3 10 10 12 2 9 11 17 15 13 0 0 0 0 0 0 0 0 0 0 0 0 0 0 0 0 0 
6 14 0 0 0 0 0 0 0 0 0 0 0 0 0 0 0 0 0 0 0 0 0 0 0 0 0 0 0 0 
7 0 5 0 3026 
1 2 1 0 1 0 0 31 1 18 0 16 0 
1 2 1 1 0 0 0 10 1 1 0 12 0 
1 2 1 2 0 0 0 42 1 4 0 11 0 
1 2 1 3 0 0 0 51 1 4 0 14 0 
1 2 1 4 0 0 0 33 1 1 0 3 0 
1 2 1 5 0 0 0 47 1 6 0 8 0 
1 2 1 6 1 0 0 49 1 15 0 4 0 
1 2 1 7 0 0 0 40 1 10 0 3 0 
1 2 1 8 0 0 0 45 1 19 0 8 0 
1 2 1 9 0 0 0 50 1 21 0 11 0 
1 2 1 10 0 0 0 55 1 12 0 6 0 
1 2 1 11 0 0 0 60 1 13 0 16 0 
1 2 1 12 2 0 0 65 1 4 0 6 0 
1 2 1 13 2 0 0 70 1 9 0 11 0 
0 0 0 14 0 210 0 75 1 3 0 6 0 
0 0 0 15 2 232 0 80 1 17 0 16 0 
0 0 0 16 2 0 0 85 0 19 0 4 0 
0 0 0 17 0 0 0 90 0 3 0 16 0 
0 0 0 18 0 0 0 95 0 6 0 11 0 
0 0 0 19 0 100 0 100 0 18 0 15 0 
0 0 0 20 2 232 0 105 0 14 0 16 0 
0 0 0 21 0 0 0 110 0 8 0 14 0 
0 0 0 22 1 0 0 115 0 2 0 14 0 
0 0 0 23 0 0 0 120 0 0 0 12 0 
0 0 0 24 0 0 0 125 0 19 0 5 0 
0 0 0 25 0 0 0 130 0 5 0 0 0 
0 0 0 26 0 0 0 135 0 11 0 7 0 
0 0 0 27 1 0 0 140 0 12 0 6 0 
0 0 0 28 2 0 0 145 0 4 0 14 0 
0 0 0 29 1 0 0 150 0 15 0 12 0 
1 4 7 8 9 6 11 13 12 11 14 17 0 0 0 0 0 0 0 0 0 0 0 0 0 0 0 0 0 0 
3 5 5 13 14 0 0 0 0 0 0 0 0 0 0 0 0 0 0 0 0 0 0 0 0 0 0 0 0 0 
0 2 5 3 10 12 12 2 9 11 17 15 13 0 0 0 0 0 0 0 0 0 0 0 0 0 0 0 0 0 
6 14 0 0 0 0 0 0 0 0 0 0 0 0 0 0 0 0 0 0 0 0 0 0 0 0 0 0 0 0 
8 0 6 0 2763 
1 2 1 0 1 0 0 31 1 18 0 16 0 
1 2 1 1 0 0 0 10 1 1 0 12 0 
1 2 1 2 0 0 0 42 1 4 0 11 0 
1 2 1 3 0 0 0 51 1 4 0 14 0 
1 2 1 4 0 0 0 33 1 1 0 3 0 
1 2 1 5 0 0 0 47 1 6 0 8 0 
1 2 1 6 1 0 0 49 1 15 0 4 0 
1 2 1 7 0 0 0 40 1 10 0 3 0 
1 2 1 8 0 0 0 45 1 19 0 8 0 
1 2 1 9 0 0 0 50 1 21 0 11 0 
1 2 1 10 0 0 0 55 1 12 0 6 0 
1 2 1 11 0 0 0 60 1 13 0 16 0 
1 2 1 12 2 0 0 65 1 4 0 6 0 
1 2 1 13 2 0 0 70 1 9 0 11 0 
0 0 0 14 0 17 0 75 1 3 0 6 0 
0 0 0 15 2 39 0 80 1 17 0 16 0 
0 0 0 16 2 0 0 85 0 19 0 4 0 
0 0 0 17 0 0 0 90 0 3 0 16 0 
0 0 0 18 0 0 0 95 0 6 0 11 0 
0 0 0 19 0 100 0 100 0 18 0 15 0 
0 0 0 20 2 232 0 105 0 14 0 16 0 
0 0 0 21 0 0 0 110 0 8 0 14 0 
0 0 0 22 1 0 0 115 0 2 0 14 0 
0 0 0 23 0 0 0 120 0 0 0 12 0 
0 0 0 24 0 0 0 125 0 19 0 5 0 
0 0 0 25 0 0 0 130 0 5 0 0 0 
0 0 0 26 0 0 0 135 0 11 0 7 0 
0 0 0 27 1 0 0 140 0 12 0 6 0 
0 0 0 28 2 0 0 145 0 4 0 14 0 
0 0 0 29 1 0 0 150 0 15 0 12 0 
1 4 7 8 9 6 11 13 12 11 14 17 0 0 0 0 0 0 0 0 0 0 0 0 0 0 0 0 0 0 
3 5 5 13 14 0 0 0 0 0 0 0 0 0 0 0 0 0 0 0 0 0 0 0 0 0 0 0 0 0 
0 2 5 3 10 12 12 2 9 11 17 15 13 0 0 0 0 0 0 0 0 0 0 0 0 0 0 0 0 0 
6 14 0 0 0 0 0 0 0 0 0 0 0 0 0 0 0 0 0 0 0 0 0 0 0 0 0 0 0 0 
8 0 6 0 2699 
1 2 1 0 1 0 0 31 1 18 0 16 0 
1 2 1 1 0 0 0 10 1 1 0 12 0 
1 2 1 2 0 0 0 42 1 4 0 11 0 
1 2 1 3 0 0 0 51 1 4 0 14 0 
1 2 1 4 0 0 0 33 1 1 0 3 0 
1 2 1 5 0 0 0 47 1 6 0 8 0 
1 2 1 6 1 0 0 49 1 15 0 4 0 
1 2 1 7 0 0 0 40 1 10 0 3 0 
1 2 1 8 0 0 0 45 1 19 0 8 0 
1 2 1 9 0 0 0 50 1 21 0 11 0 
1 2 1 10 0 0 0 55 1 12 0 6 0 
1 2 1 11 0 0 0 60 1 13 0 16 0 
1 2 1 12 2 0 0 65 1 4 0 6 0 
1 2 1 13 2 0 0 70 1 9 0 11 0 
1 2 1 14 0 0 0 75 1 3 0 6 0 
0 0 0 15 2 233 0 80 1 17 0 16 0 
0 0 0 16 2 253 0 85 1 19 0 4 0 
0 0 0 17 0 0 0 90 0 3 0 16 0 
0 0 0 18 0 0 0 95 0 6 0 11 0 
0 0 0 19 0 100 0 100 0 18 0 15 0 
0 0 0 20 2 232 0 105 0 14 0 16 0 
0 0 0 21 0 0 0 110 0 8 0 14 0 
0 0 0 22 1 0 0 115 0 2 0 14 0 
0 0 0 23 0 0 0 120 0 0 0 12 0 
0 0 0 24 0 0 0 125 0 19 0 5 0 
0 0 0 25 0 0 0 130 0 5 0 0 0 
0 0 0 26 0 0 0 135 0 11 0 7 0 
0 0 0 27 1 0 0 140 0 12 0 6 0 
0 0 0 28 2 0 0 145 0 4 0 14 0 
0 0 0 29 1 0 0 150 0 15 0 12 0 
1 4 7 8 9 6 11 13 12 11 14 17 0 0 0 0 0 0 0 0 0 0 0 0 0 0 0 0 0 0 
3 5 5 13 14 0 0 0 0 0 0 0 0 0 0 0 0 0 0 0 0 0 0 0 0 0 0 0 0 0 
0 2 5 3 10 12 14 2 9 11 17 15 13 0 0 0 0 0 0 0 0 0 0 0 0 0 0 0 0 0 
6 14 0 0 0 0 0 0 0 0 0 0 0 0 0 0 0 0 0 0 0 0 0 0 0 0 0 0 0 0 
8 0 7 0 2240 
1 2 1 0 1 0 0 31 1 18 0 16 0 
1 2 1 1 0 0 0 10 1 1 0 12 0 
1 2 1 2 0 0 0 42 1 4 0 11 0 
1 2 1 3 0 0 0 51 1 4 0 14 0 
1 2 1 4 0 0 0 33 1 1 0 3 0 
1 2 1 5 0 0 0 47 1 6 0 8 0 
1 2 1 6 1 0 0 49 1 15 0 4 0 
1 2 1 7 0 0 0 40 1 10 0 3 0 
1 2 1 8 0 0 0 45 1 19 0 8 0 
1 2 1 9 0 0 0 50 1 21 0 11 0 
1 2 1 10 0 0 0 55 1 12 0 6 0 
1 2 1 11 0 0 0 60 1 13 0 16 0 
1 2 1 12 2 0 0 65 1 4 0 6 0 
1 2 1 13 2 0 0 70 1 9 0 11 0 
1 2 1 14 0 0 0 75 1 3 0 6 0 
0 0 0 15 2 85 0 80 1 17 0 16 0 
0 0 0 16 2 105 0 85 1 19 0 4 0 
0 0 0 17 0 0 0 90 0 3 0 16 0 
0 0 0 18 0 0 0 95 0 6 0 11 0 
0 0 0 19 0 100 0 100 0 18 0 15 0 
0 0 0 20 2 232 0 105 0 14 0 16 0 
0 0 0 21 0 0 0 110 0 8 0 14 0 
0 0 0 22 1 0 0 115 0 2 0 14 0 
0 0 0 23 0 0 0 120 0 0 0 12 0 
0 0 0 24 0 0 0 125 0 19 0 5 0 
0 0 0 25 0 0 0 130 0 5 0 0 0 
0 0 0 26 0 0 0 135 0 11 0 7 0 
0 0 0 27 1 0 0 140 0 12 0 6 0 
0 0 0 28 2 0 0 145 0 4 0 14 0 
0 0 0 29 1 0 0 150 0 15 0 12 0 
1 4 7 8 9 6 11 13 12 11 14 17 0 0 0 0 0 0 0 0 0 0 0 0 0 0 0 0 0 0 
3 5 5 13 14 0 0 0 0 0 0 0 0 0 0 0 0 0 0 0 0 0 0 0 0 0 0 0 0 0 
0 2 5 3 10 12 14 2 9 11 17 15 13 0 0 0 0 0 0 0 0 0 0 0 0 0 0 0 0 0 
6 14 0 0 0 0 0 0 0 0 0 0 0 0 0 0 0 0 0 0 0 0 0 0 0 0 0 0 0 0 
8 0 7 0 2131 
1 2 1 0 1 0 0 31 1 18 0 16 0 
1 2 1 1 0 0 0 10 1 1 0 12 0 
1 2 1 2 0 0 0 42 1 4 0 11 0 
1 2 1 3 0 0 0 51 1 4 0 14 0 
1 2 1 4 0 0 0 33 1 1 0 3 0 
1 2 1 5 0 0 0 47 1 6 0 8 0 
1 2 1 6 1 0 0 49 1 15 0 4 0 
1 2 1 7 0 0 0 40 1 10 0 3 0 
1 2 1 8 0 0 0 45 1 19 0 8 0 
1 2 1 9 0 0 0 50 1 21 0 11 0 
1 2 1 10 0 0 0 55 1 12 0 6 0 
1 2 1 11 0 0 0 60 1 13 0 16 0 
1 2 1 12 2 0 0 65 1 4 0 6 0 
1 2 1 13 2 0 0 70 1 9 0 11 0 
1 2 1 14 0 0 0 75 1 3 0 6 0 
0 2 1 15 2 0 0 80 1 17 0 16 0 
0 0 0 16 2 81 0 85 1 19 0 4 0 
0 0 0 17 0 103 0 90 1 3 0 16 0 
0 0 0 18 0 0 0 95 0 6 0 11 0 
0 0 0 19 0 100 0 100 0 18 0 15 0 
0 0 0 20 2 232 0 105 0 14 0 16 0 
0 0 0 21 0 0 0 110 0 8 0 14 0 
0 0 0 22 1 0 0 115 0 2 0 14 0 
0 0 0 23 0 0 0 120 0 0 0 12 0 
0 0 0 24 0 0 0 125 0 19 0 5 0 
0 0 0 25 0 0 0 130 0 5 0 0 0 
0 0 0 26 0 0 0 135 0 11 0 7 0 
0 0 0 27 1 0 0 140 0 12 0 6 0 
0 0 0 28 2 0 0 145 0 4 0 14 0 
0 0 0 29 1 0 0 150 0 15 0 12 0 
1 4 7 8 9 6 11 13 12 11 14 17 0 0 0 0 0 0 0 0 0 0 0 0 0 0 0 0 0 0 
3 5 5 13 14 0 0 0 0 0 0 0 0 0 0 0 0 0 0 0 0 0 0 0 0 0 0 0 0 0 
0 2 5 3 10 12 14 2 9 11 17 15 13 0 0 0 0 0 0 0 0 0 0 0 0 0 0 0 0 0 
6 14 0 0 0 0 0 0 0 0 0 0 0 0 0 0 0 0 0 0 0 0 0 0 0 0 0 0 0 0 
8 0 7 0 1894 
1 2 1 0 1 0 0 31 1 18 0 16 0 
0 0 0 1 0 0 0 86 0 6 0 12 0 
1 2 1 2 0 0 0 42 1 4 0 11 0 
1 2 1 3 0 0 0 51 1 4 0 14 0 
1 2 1 4 0 0 0 33 1 1 0 3 0 
1 2 1 5 0 0 0 47 1 6 0 8 0 
1 2 1 6 1 0 0 49 1 15 0 4 0 
1 2 1 7 0 0 0 40 1 10 0 3 0 
0 0 0 8 0 0 0 87 0 15 0 0 0 
0 0 0 9 0 0 0 88 0 12 0 13 0 
1 2 1 10 0 0 0 55 1 12 0 6 0 
0 0 0 11 0 0 0 89 0 3 0 8 0 
1 2 1 12 2 0 0 65 1 4 0 6 0 
1 2 1 13 2 0 0 70 1 9 0 11 0 
1 2 1 14 0 0 0 75 1 3 0 6 0 
0 2 1 15 2 0 0 80 1 17 0 16 0 
0 0 0 16 2 70 0 85 1 19 0 4 0 
0 0 0 17 0 92 0 90 1 3 0 16 0 
0 0 0 18 0 0 0 95 0 6 0 11 0 
0 0 0 19 0 100 0 100 0 18 0 15 0 
0 0 0 20 2 232 0 105 0 14 0 16 0 
0 0 0 21 0 0 0 110 0 8 0 14 0 
0 0 0 22 1 0 0 115 0 2 0 14 0 
0 0 0 23 0 0 0 120 0 0 0 12 0 
0 0 0 24 0 0 0 125 0 19 0 5 0 
0 0 0 25 0 0 0 130 0 5 0 0 0 
0 0 0 26 0 0 0 135 0 11 0 7 0 
0 0 0 27 1 0 0 140 0 12 0 6 0 
0 0 0 28 2 0 0 145 0 4 0 14 0 
0 0 0 29 1 0 0 150 0 15 0 12 0 
4 7 6 13 9 6 11 13 12 11 14 17 0 0 0 0 0 0 0 0 0 0 0 0 0 0 0 0 0 0 
3 5 5 13 14 0 0 0 0 0 0 0 0 0 0 0 0 0 0 0 0 0 0 0 0 0 0 0 0 0 
0 2 5 3 10 12 14 2 9 11 17 15 13 0 0 0 0 0 0 0 0 0 0 0 0 0 0 0 0 0 
6 14 0 0 0 0 0 0 0 0 0 0 0 0 0 0 0 0 0 0 0 0 0 0 0 0 0 0 0 0 
4 0 7 0 1644 
1 2 1 0 1 0 0 31 1 18 0 16 0 
0 0 0 1 0 86 0 86 1 6 0 12 0 
1 2 1 2 0 0 0 42 1 4 0 11 0 
1 2 1 3 0 0 0 51 1 4 0 14 0 
1 2 1 4 0 0 0 33 1 1 0 3 0 
1 2 1 5 0 0 0 47 1 6 0 8 0 
1 2 1 6 1 0 0 49 1 15 0 4 0 
1 2 1 7 0 0 0 40 1 10 0 3 0 
0 0 0 8 0 86 0 87 1 15 0 0 0 
0 0 0 9 0 86 0 88 1 12 0 13 0 
1 2 1 10 0 0 0 55 1 12 0 6 0 
0 0 0 11 0 86 0 89 1 3 0 8 0 
1 2 1 12 2 0 0 65 1 4 0 6 0 
1 2 1 13 2 0 0 70 1 9 0 11 0 
1 2 1 14 0 0 0 75 1 3 0 6 0 
1 2 1 15 2 0 0 80 1 17 0 16 0 
0 1 0 16 2 45 0 85 1 19 0 4 0 
0 0 0 17 0 179 0 90 1 3 0 16 0 
0 0 0 18 0 0 0 95 0 6 0 11 0 
0 0 0 19 0 100 0 100 0 18 0 15 0 
0 0 0 20 2 232 0 105 0 14 0 16 0 
0 0 0 21 0 0 0 110 0 8 0 14 0 
0 0 0 22 1 0 0 115 0 2 0 14 0 
0 0 0 23 0 0 0 120 0 0 0 12 0 
0 0 0 24 0 0 0 125 0 19 0 5 0 
0 0 0 25 0 0 0 130 0 5 0 0 0 
0 0 0 26 0 0 0 135 0 11 0 7 0 
0 0 0 27 1 0 0 140 0 12 0 6 0 
0 0 0 28 2 0 0 145 0 4 0 14 0 
0 0 0 29 1 0 0 150 0 15 0 12 0 
4 7 6 13 9 6 11 13 12 11 14 17 0 0 0 0 0 0 0 0 0 0 0 0 0 0 0 0 0 0 
3 5 5 13 14 0 0 0 0 0 0 0 0 0 0 0 0 0 0 0 0 0 0 0 0 0 0 0 0 0 
0 2 5 3 10 12 14 2 9 11 17 15 13 0 0 0 0 0 0 0 0 0 0 0 0 0 0 0 0 0 
15 14 0 0 0 0 0 0 0 0 0 0 0 0 0 0 0 0 0 0 0 0 0 0 0 0 0 0 0 0 
4 0 7 1 1555 
1 2 1 0 1 0 0 31 1 18 0 16 0 
0 2 1 1 0 0 0 86 1 6 0 12 0 
1 2 1 2 0 0 0 42 1 4 0 11 0 
1 2 1 3 0 0 0 51 1 4 0 14 0 
1 2 1 4 0 0 0 33 1 1 0 3 0 
1 2 1 5 0 0 0 47 1 6 0 8 0 
0 0 0 6 1 0 0 91 0 2 0 3 0 
1 2 1 7 0 0 0 40 1 10 0 3 0 
0 2 1 8 0 0 0 87 1 15 0 0 0 
0 2 1 9 0 0 0 88 1 12 0 13 0 
1 2 1 10 0 0 0 55 1 12 0 6 0 
0 1 0 11 0 47 0 89 1 3 0 8 0 
1 2 1 12 2 0 0 65 1 4 0 6 0 
0 0 0 13 2 0 0 92 0 18 0 10 0 
1 2 1 14 0 0 0 75 1 3 0 6 0 
1 2 1 15 2 0 0 80 1 17 0 16 0 
1 2 1 16 2 0 0 85 1 19 0 4 0 
0 0 0 17 0 61 0 90 1 3 0 16 0 
0 0 0 18 0 83 0 95 1 6 0 11 0 
0 0 0 19 0 100 0 100 0 18 0 15 0 
0 0 0 20 2 232 0 105 0 14 0 16 0 
0 0 0 21 0 0 0 110 0 8 0 14 0 
0 0 0 22 1 0 0 115 0 2 0 14 0 
0 0 0 23 0 0 0 120 0 0 0 12 0 
0 0 0 24 0 0 0 125 0 19 0 5 0 
0 0 0 25 0 0 0 130 0 5 0 0 0 
0 0 0 26 0 0 0 135 0 11 0 7 0 
0 0 0 27 1 0 0 140 0 12 0 6 0 
0 0 0 28 2 0 0 145 0 4 0 14 0 
0 0 0 29 1 0 0 150 0 15 0 12 0 
4 7 6 13 9 6 11 13 12 11 14 17 0 0 0 0 0 0 0 0 0 0 0 0 0 0 0 0 0 0 
3 5 5 13 14 0 0 0 0 0 0 0 0 0 0 0 0 0 0 0 0 0 0 0 0 0 0 0 0 0 
0 2 5 3 10 12 14 2 9 11 17 15 13 0 0 0 0 0 0 0 0 0 0 0 0 0 0 0 0 0 
15 16 0 0 0 0 0 0 0 0 0 0 0 0 0 0 0 0 0 0 0 0 0 0 0 0 0 0 0 0 
2 0 7 2 1153 
1 2 1 0 1 0 0 31 1 18 0 16 0 
0 2 1 1 0 0 0 86 1 6 0 12 0 
1 2 1 2 0 0 0 42 1 4 0 11 0 
1 2 1 3 0 0 0 51 1 4 0 14 0 
1 2 1 4 0 0 0 33 1 1 0 3 0 
1 2 1 5 0 0 0 47 1 6 0 8 0 
0 0 0 6 1 42 0 91 1 2 0 3 0 
1 2 1 7 0 0 0 40 1 10 0 3 0 
1 2 1 8 0 0 0 87 1 15 0 0 0 
0 0 0 9 0 0 0 93 0 5 0 14 0 
1 2 1 10 0 0 0 55 1 12 0 6 0 
0 1 0 11 0 90 0 89 1 3 0 8 0 
1 2 1 12 2 0 0 65 1 4 0 6 0 
0 0 0 13 2 42 0 92 1 18 0 10 0 
1 2 1 14 0 0 0 75 1 3 0 6 0 
1 2 1 15 2 0 0 80 1 17 0 16 0 
1 2 1 16 2 0 0 85 1 19 0 4 0 
0 0 0 17 0 104 0 90 1 3 0 16 0 
0 0 0 18 0 126 0 95 1 6 0 11 0 
0 0 0 19 0 100 0 100 0 18 0 15 0 
0 0 0 20 2 232 0 105 0 14 0 16 0 
0 0 0 21 0 0 0 110 0 8 0 14 0 
0 0 0 22 1 0 0 115 0 2 0 14 0 
0 0 0 23 0 0 0 120 0 0 0 12 0 
0 0 0 24 0 0 0 125 0 19 0 5 0 
0 0 0 25 0 0 0 130 0 5 0 0 0 
0 0 0 26 0 0 0 135 0 11 0 7 0 
0 0 0 27 1 0 0 140 0 12 0 6 0 
0 0 0 28 2 0 0 145 0 4 0 14 0 
0 0 0 29 1 0 0 150 0 15 0 12 0 
4 7 6 13 9 6 11 13 12 11 14 17 0 0 0 0 0 0 0 0 0 0 0 0 0 0 0 0 0 0 
9 5 5 13 14 0 0 0 0 0 0 0 0 0 0 0 0 0 0 0 0 0 0 0 0 0 0 0 0 0 
0 2 5 3 10 12 14 2 9 11 17 15 13 0 0 0 0 0 0 0 0 0 0 0 0 0 0 0 0 0 
15 16 8 0 0 0 0 0 0 0 0 0 0 0 0 0 0 0 0 0 0 0 0 0 0 0 0 0 0 0 
2 0 7 3 1110 
1 2 1 0 1 0 0 31 1 18 0 16 0 
0 2 1 1 0 0 0 86 1 6 0 12 0 
1 2 1 2 0 0 0 42 1 4 0 11 0 
1 2 1 3 0 0 0 51 1 4 0 14 0 
1 2 1 4 0 0 0 33 1 1 0 3 0 
1 2 1 5 0 0 0 47 1 6 0 8 0 
0 1 0 6 1 33 0 91 1 2 0 3 0 
1 2 1 7 0 0 0 40 1 10 0 3 0 
0 0 0 8 0 0 0 96 0 2 0 15 0 
0 0 0 9 0 138 0 93 1 5 0 14 0 
1 2 1 10 0 0 0 55 1 12 0 6 0 
0 2 1 11 0 0 0 89 1 3 0 8 0 
1 2 1 12 2 0 0 65 1 4 0 6 0 
0 0 0 13 2 181 0 92 1 18 0 10 0 
1 2 1 14 0 0 0 75 1 3 0 6 0 
0 0 0 15 2 0 0 94 0 17 0 14 0 
1 2 1 16 2 0 0 85 1 19 0 4 0 
0 2 1 17 0 0 0 90 1 3 0 16 0 
0 0 0 18 0 10 0 95 1 6 0 11 0 
0 0 0 19 0 30 0 100 1 18 0 15 0 
0 0 0 20 2 232 0 105 0 14 0 16 0 
0 0 0 21 0 0 0 110 0 8 0 14 0 
0 0 0 22 1 0 0 115 0 2 0 14 0 
0 0 0 23 0 0 0 120 0 0 0 12 0 
0 0 0 24 0 0 0 125 0 19 0 5 0 
0 0 0 25 0 0 0 130 0 5 0 0 0 
0 0 0 26 0 0 0 135 0 11 0 7 0 
0 0 0 27 1 0 0 140 0 12 0 6 0 
0 0 0 28 2 0 0 145 0 4 0 14 0 
0 0 0 29 1 0 0 150 0 15 0 12 0 
4 7 6 13 9 6 11 13 12 11 14 17 0 0 0 0 0 0 0 0 0 0 0 0 0 0 0 0 0 0 
9 5 5 13 14 0 0 0 0 0 0 0 0 0 0 0 0 0 0 0 0 0 0 0 0 0 0 0 0 0 
0 2 5 3 10 12 14 2 9 11 17 15 13 0 0 0 0 0 0 0 0 0 0 0 0 0 0 0 0 0 
16 16 8 0 0 0 0 0 0 0 0 0 0 0 0 0 0 0 0 0 0 0 0 0 0 0 0 0 0 0 
2 0 7 1 967 
1 2 1 0 1 0 0 31 1 18 0 16 0 
0 2 1 1 0 0 0 86 1 6 0 12 0 
1 2 1 2 0 0 0 42 1 4 0 11 0 
1 2 1 3 0 0 0 51 1 4 0 14 0 
0 0 0 4 0 0 0 97 0 19 0 6 0 
1 2 1 5 0 0 0 47 1 6 0 8 0 
0 2 1 6 1 0 0 91 1 2 0 3 0 
1 2 1 7 0 0 0 40 1 10 0 3 0 
0 0 0 8 0 150 0 96 1 2 0 15 0 
0 0 0 9 0 34 0 93 1 5 0 14 0 
1 2 1 10 0 0 0 55 1 12 0 6 0 
0 2 1 11 0 0 0 89 1 3 0 8 0 
1 2 1 12 2 0 0 65 1 4 0 6 0 
0 1 0 13 2 86 0 92 1 18 0 10 0 
1 2 1 14 0 0 0 75 1 3 0 6 0 
0 0 0 15 2 150 0 94 1 17 0 14 0 
1 2 1 16 2 0 0 85 1 19 0 4 0 
0 2 1 17 0 0 0 90 1 3 0 16 0 
0 0 0 18 0 161 0 95 1 6 0 11 0 
0 0 0 19 0 181 0 100 1 18 0 15 0 
0 0 0 20 2 232 0 105 0 14 0 16 0 
0 0 0 21 0 0 0 110 0 8 0 14 0 
0 0 0 22 1 0 0 115 0 2 0 14 0 
0 0 0 23 0 0 0 120 0 0 0 12 0 
0 0 0 24 0 0 0 125 0 19 0 5 0 
0 0 0 25 0 0 0 130 0 5 0 0 0 
0 0 0 26 0 0 0 135 0 11 0 7 0 
0 0 0 27 1 0 0 140 0 12 0 6 0 
0 0 0 28 2 0 0 145 0 4 0 14 0 
0 0 0 29 1 0 0 150 0 15 0 12 0 
7 7 6 13 9 6 11 13 12 11 14 17 0 0 0 0 0 0 0 0 0 0 0 0 0 0 0 0 0 0 
9 5 5 13 14 0 0 0 0 0 0 0 0 0 0 0 0 0 0 0 0 0 0 0 0 0 0 0 0 0 
0 2 5 3 10 12 14 2 9 11 17 15 13 0 0 0 0 0 0 0 0 0 0 0 0 0 0 0 0 0 
16 16 8 0 0 0 0 0 0 0 0 0 0 0 0 0 0 0 0 0 0 0 0 0 0 0 0 0 0 0 
1 0 7 1 814 
1 2 1 0 1 0 0 31 1 18 0 16 0 
0 2 1 1 0 0 0 86 1 6 0 12 0 
1 2 1 2 0 0 0 42 1 4 0 11 0 
1 2 1 3 0 0 0 51 1 4 0 14 0 
0 0 0 4 0 19 0 97 1 19 0 6 0 
1 2 1 5 0 0 0 47 1 6 0 8 0 
1 2 1 6 1 0 0 91 1 2 0 3 0 
1 2 1 7 0 0 0 40 1 10 0 3 0 
0 0 0 8 0 170 0 96 1 2 0 15 0 
1 2 1 9 0 0 0 93 1 5 0 14 0 
1 2 1 10 0 0 0 55 1 12 0 6 0 
0 2 1 11 0 0 0 89 1 3 0 8 0 
1 2 1 12 2 0 0 65 1 4 0 6 0 
1 2 1 13 2 0 0 92 1 18 0 10 0 
1 2 1 14 0 0 0 75 1 3 0 6 0 
1 2 1 15 2 0 0 94 1 17 0 14 0 
0 0 0 16 2 0 0 98 0 4 0 2 0 
0 0 0 17 0 0 0 99 0 16 0 16 0 
0 1 0 18 0 69 0 95 1 6 0 11 0 
0 0 0 19 0 201 0 100 1 18 0 15 0 
0 0 0 20 2 232 0 105 0 14 0 16 0 
0 0 0 21 0 0 0 110 0 8 0 14 0 
0 0 0 22 1 0 0 115 0 2 0 14 0 
0 0 0 23 0 0 0 120 0 0 0 12 0 
0 0 0 24 0 0 0 125 0 19 0 5 0 
0 0 0 25 0 0 0 130 0 5 0 0 0 
0 0 0 26 0 0 0 135 0 11 0 7 0 
0 0 0 27 1 0 0 140 0 12 0 6 0 
0 0 0 28 2 0 0 145 0 4 0 14 0 
0 0 0 29 1 0 0 150 0 15 0 12 0 
7 7 6 13 9 6 11 13 12 11 14 17 0 0 0 0 0 0 0 0 0 0 0 0 0 0 0 0 0 0 
13 15 5 13 14 0 0 0 0 0 0 0 0 0 0 0 0 0 0 0 0 0 0 0 0 0 0 0 0 0 
0 2 5 3 10 12 14 6 9 11 17 15 13 0 0 0 0 0 0 0 0 0 0 0 0 0 0 0 0 0 
9 17 9 0 0 0 0 0 0 0 0 0 0 0 0 0 0 0 0 0 0 0 0 0 0 0 0 0 0 0 
1 2 8 1 531 
0 0 0 0 1 0 0 101 0 11 0 6 0 
0 2 1 1 0 0 0 86 1 6 0 12 0 
0 0 0 2 0 0 0 102 0 7 0 1 0 
0 0 0 3 0 0 0 104 0 2 0 11 0 
0 0 0 4 0 30 0 97 1 19 0 6 0 
0 0 0 5 0 0 0 103 0 14 0 0 0 
1 2 1 6 1 0 0 91 1 2 0 3 0 
1 2 1 7 0 0 0 40 1 10 0 3 0 
0 0 0 8 0 181 0 96 1 2 0 15 0 
1 2 1 9 0 0 0 93 1 5 0 14 0 
1 2 1 10 0 0 0 55 1 12 0 6 0 
0 2 1 11 0 0 0 89 1 3 0 8 0 
1 2 1 12 2 0 0 65 1 4 0 6 0 
1 2 1 13 2 0 0 92 1 18 0 10 0 
1 2 1 14 0 0 0 75 1 3 0 6 0 
1 2 1 15 2 0 0 94 1 17 0 14 0 
0 0 0 16 2 10 0 98 1 4 0 2 0 
0 0 0 17 0 10 0 99 1 16 0 16 0 
0 1 0 18 0 80 0 95 1 6 0 11 0 
0 0 0 19 0 212 0 100 1 18 0 15 0 
0 0 0 20 2 232 0 105 0 14 0 16 0 
0 0 0 21 0 0 0 110 0 8 0 14 0 
0 0 0 22 1 0 0 115 0 2 0 14 0 
0 0 0 23 0 0 0 120 0 0 0 12 0 
0 0 0 24 0 0 0 125 0 19 0 5 0 
0 0 0 25 0 0 0 130 0 5 0 0 0 
0 0 0 26 0 0 0 135 0 11 0 7 0 
0 0 0 27 1 0 0 140 0 12 0 6 0 
0 0 0 28 2 0 0 145 0 4 0 14 0 
0 0 0 29 1 0 0 150 0 15 0 12 0 
7 7 6 13 9 6 11 13 12 11 14 17 0 0 0 0 0 0 0 0 0 0 0 0 0 0 0 0 0 0 
13 15 5 13 14 0 0 0 0 0 0 0 0 0 0 0 0 0 0 0 0 0 0 0 0 0 0 0 0 0 
10 12 14 6 10 12 14 6 9 11 17 15 13 0 0 0 0 0 0 0 0 0 0 0 0 0 0 0 0 0 
9 17 9 0 0 0 0 0 0 0 0 0 0 0 0 0 0 0 0 0 0 0 0 0 0 0 0 0 0 0 
1 2 4 1 520 
0 0 0 0 1 39 0 101 1 11 0 6 0 
0 2 1 1 0 0 0 86 1 6 0 12 0 
0 0 0 2 0 39 0 102 1 7 0 1 0 
0 0 0 3 0 39 0 104 1 2 0 11 0 
1 2 1 4 0 0 0 97 1 19 0 6 0 
0 0 0 5 0 39 0 103 1 14 0 0 0 
1 2 1 6 1 0 0 91 1 2 0 3 0 
1 2 1 7 0 0 0 40 1 10 0 3 0 
1 2 1 8 0 0 0 96 1 2 0 15 0 
0 0 0 9 0 0 0 106 0 10 0 6 0 
1 2 1 10 0 0 0 55 1 12 0 6 0 
0 2 1 11 0 0 0 89 1 3 0 8 0 
1 2 1 12 2 0 0 65 1 4 0 6 0 
1 2 1 13 2 0 0 92 1 18 0 10 0 
1 2 1 14 0 0 0 75 1 3 0 6 0 
1 2 1 15 2 0 0 94 1 17 0 14 0 
0 1 0 16 2 81 0 98 1 4 0 2 0 
0 0 0 17 0 50 0 99 1 16 0 16 0 
0 2 1 18 0 0 0 95 1 6 0 11 0 
0 0 0 19 0 252 0 100 1 18 0 15 0 
0 0 0 20 2 19 0 105 1 14 0 16 0 
0 0 0 21 0 0 0 110 0 8 0 14 0 
0 0 0 22 1 0 0 115 0 2 0 14 0 
0 0 0 23 0 0 0 120 0 0 0 12 0 
0 0 0 24 0 0 0 125 0 19 0 5 0 
0 0 0 25 0 0 0 130 0 5 0 0 0 
0 0 0 26 0 0 0 135 0 11 0 7 0 
0 0 0 27 1 0 0 140 0 12 0 6 0 
0 0 0 28 2 0 0 145 0 4 0 14 0 
0 0 0 29 1 0 0 150 0 15 0 12 0 
7 4 6 13 9 6 11 13 12 11 14 17 0 0 0 0 0 0 0 0 0 0 0 0 0 0 0 0 0 0 
13 15 8 13 14 0 0 0 0 0 0 0 0 0 0 0 0 0 0 0 0 0 0 0 0 0 0 0 0 0 
10 12 14 6 10 12 14 6 9 11 17 15 13 0 0 0 0 0 0 0 0 0 0 0 0 0 0 0 0 0 
9 17 9 0 0 0 0 0 0 0 0 0 0 0 0 0 0 0 0 0 0 0 0 0 0 0 0 0 0 0 
2 3 4 0 219 
0 0 0 0 1 208 0 101 1 11 0 6 0 
0 2 1 1 0 0 0 86 1 6 0 12 0 
0 0 0 2 0 208 0 102 1 7 0 1 0 
0 0 0 3 0 208 0 104 1 2 0 11 0 
1 2 1 4 0 0 0 97 1 19 0 6 0 
0 0 0 5 0 208 0 103 1 14 0 0 0 
1 2 1 6 1 0 0 91 1 2 0 3 0 
1 2 1 7 0 0 0 40 1 10 0 3 0 
1 2 1 8 0 0 0 96 1 2 0 15 0 
0 0 0 9 0 168 0 106 1 10 0 6 0 
1 2 1 10 0 0 0 55 1 12 0 6 0 
0 2 1 11 0 0 0 89 1 3 0 8 0 
1 2 1 12 2 0 0 65 1 4 0 6 0 
0 0 0 13 2 0 0 107 0 4 0 2 0 
1 2 1 14 0 0 0 75 1 3 0 6 0 
0 0 0 15 2 0 0 108 0 2 0 13 0 
0 2 1 16 2 0 0 98 1 4 0 2 0 
0 2 1 17 0 0 0 99 1 16 0 16 0 
0 2 1 18 0 0 0 95 1 6 0 11 0 
0 1 0 19 0 54 0 100 1 18 0 15 0 
0 0 0 20 2 188 0 105 1 14 0 16 0 
0 0 0 21 0 0 0 110 0 8 0 14 0 
0 0 0 22 1 0 0 115 0 2 0 14 0 
0 0 0 23 0 0 0 120 0 0 0 12 0 
0 0 0 24 0 0 0 125 0 19 0 5 0 
0 0 0 25 0 0 0 130 0 5 0 0 0 
0 0 0 26 0 0 0 135 0 11 0 7 0 
0 0 0 27 1 0 0 140 0 12 0 6 0 
0 0 0 28 2 0 0 145 0 4 0 14 0 
0 0 0 29 1 0 0 150 0 15 0 12 0 
7 4 6 13 9 6 11 13 12 11 14 17 0 0 0 0 0 0 0 0 0 0 0 0 0 0 0 0 0 0 
8 15 8 13 14 0 0 0 0 0 0 0 0 0 0 0 0 0 0 0 0 0 0 0 0 0 0 0 0 0 
10 12 14 6 10 12 14 6 9 11 17 15 13 0 0 0 0 0 0 0 0 0 0 0 0 0 0 0 0 0 
9 17 9 0 0 0 0 0 0 0 0 0 0 0 0 0 0 0 0 0 0 0 0 0 0 0 0 0 0 0 
2 1 4 0 46 
