21
0 0 0 0 2 0 0 5 0 14 0 2 0 
0 0 0 1 1 0 0 10 0 16 0 16 0 
0 0 0 2 1 0 0 15 0 18 0 10 0 
0 0 0 3 0 0 0 20 0 18 0 12 0 
0 0 0 4 0 0 0 25 0 5 0 10 0 
0 0 0 5 1 0 0 30 0 18 0 13 0 
0 0 0 6 0 0 0 35 0 21 0 7 0 
0 0 0 7 1 0 0 40 0 21 0 4 0 
0 0 0 8 0 0 0 45 0 20 0 14 0 
0 0 0 9 1 0 0 50 0 15 0 10 0 
0 0 0 10 0 0 0 55 0 4 0 9 0 
0 0 0 11 1 0 0 60 0 4 0 9 0 
0 0 0 12 0 0 0 65 0 14 0 16 0 
0 0 0 13 0 0 0 70 0 7 0 0 0 
0 0 0 14 1 0 0 75 0 2 0 15 0 
0 0 0 15 1 0 0 80 0 10 0 12 0 
0 0 0 16 0 0 0 85 0 13 0 11 0 
0 0 0 17 1 0 0 90 0 19 0 3 0 
0 0 0 18 1 0 0 95 0 6 0 9 0 
0 0 0 19 0 0 0 100 0 4 0 1 0 
0 0 0 20 0 0 0 105 0 0 0 7 0 
0 0 0 21 2 0 0 110 0 10 0 5 0 
0 0 0 22 0 0 0 115 0 9 0 4 0 
0 0 0 23 1 0 0 120 0 12 0 11 0 
0 0 0 24 0 0 0 125 0 14 0 7 0 
0 0 0 25 1 0 0 130 0 9 0 7 0 
0 0 0 26 0 0 0 135 0 11 0 2 0 
0 0 0 27 2 0 0 140 0 13 0 4 0 
0 0 0 28 1 0 0 145 0 11 0 16 0 
0 0 0 29 2 0 0 150 0 19 0 9 0 
0 0 0 0 0 0 0 0 0 0 0 0 0 0 0 0 0 0 0 0 0 0 0 0 0 0 0 0 0 0 
0 0 0 0 0 0 0 0 0 0 0 0 0 0 0 0 0 0 0 0 0 0 0 0 0 0 0 0 0 0 
0 0 0 0 0 0 0 0 0 0 0 0 0 0 0 0 0 0 0 0 0 0 0 0 0 0 0 0 0 0 
0 0 0 0 0 0 0 0 0 0 0 0 0 0 0 0 0 0 0 0 0 0 0 0 0 0 0 0 0 0 
0 0 0 0 10000 
1 2 1 0 2 0 0 5 1 14 0 2 0 
0 2 1 1 1 0 0 10 1 16 0 16 0 
0 0 0 2 1 18 0 15 1 18 0 10 0 
0 0 0 3 0 40 0 20 1 18 0 12 0 
0 0 0 4 0 0 0 25 0 5 0 10 0 
0 0 0 5 1 0 0 30 0 18 0 13 0 
0 0 0 6 0 0 0 35 0 21 0 7 0 
0 0 0 7 1 0 0 40 0 21 0 4 0 
0 0 0 8 0 0 0 45 0 20 0 14 0 
0 0 0 9 1 0 0 50 0 15 0 10 0 
0 0 0 10 0 0 0 55 0 4 0 9 0 
0 0 0 11 1 0 0 60 0 4 0 9 0 
0 0 0 12 0 0 0 65 0 14 0 16 0 
0 0 0 13 0 0 0 70 0 7 0 0 0 
0 0 0 14 1 0 0 75 0 2 0 15 0 
0 0 0 15 1 0 0 80 0 10 0 12 0 
0 0 0 16 0 0 0 85 0 13 0 11 0 
0 0 0 17 1 0 0 90 0 19 0 3 0 
0 0 0 18 1 0 0 95 0 6 0 9 0 
0 0 0 19 0 0 0 100 0 4 0 1 0 
0 0 0 20 0 0 0 105 0 0 0 7 0 
0 0 0 21 2 0 0 110 0 10 0 5 0 
0 0 0 22 0 0 0 115 0 9 0 4 0 
0 0 0 23 1 0 0 120 0 12 0 11 0 
0 0 0 24 0 0 0 125 0 14 0 7 0 
0 0 0 25 1 0 0 130 0 9 0 7 0 
0 0 0 26 0 0 0 135 0 11 0 2 0 
0 0 0 27 2 0 0 140 0 13 0 4 0 
0 0 0 28 1 0 0 145 0 11 0 16 0 
0 0 0 29 2 0 0 150 0 19 0 9 0 
0 0 0 0 0 0 0 0 0 0 0 0 0 0 0 0 0 0 0 0 0 0 0 0 0 0 0 0 0 0 
0 0 0 0 0 0 0 0 0 0 0 0 0 0 0 0 0 0 0 0 0 0 0 0 0 0 0 0 0 0 
0 0 0 0 0 0 0 0 0 0 0 0 0 0 0 0 0 0 0 0 0 0 0 0 0 0 0 0 0 0 
0 0 0 0 0 0 0 0 0 0 0 0 0 0 0 0 0 0 0 0 0 0 0 0 0 0 0 0 0 0 
0 1 0 0 8636 
1 2 1 0 2 0 0 5 1 14 0 2 0 
0 2 1 1 1 0 0 10 1 16 0 16 0 
0 0 0 2 1 24 0 15 1 18 0 10 0 
0 0 0 3 0 46 0 20 1 18 0 12 0 
0 0 0 4 0 0 0 25 0 5 0 10 0 
0 0 0 5 1 0 0 30 0 18 0 13 0 
0 0 0 6 0 0 0 35 0 21 0 7 0 
0 0 0 7 1 0 0 40 0 21 0 4 0 
0 0 0 8 0 0 0 45 0 20 0 14 0 
0 0 0 9 1 0 0 50 0 15 0 10 0 
0 0 0 10 0 0 0 55 0 4 0 9 0 
0 0 0 11 1 0 0 60 0 4 0 9 0 
0 0 0 12 0 0 0 65 0 14 0 16 0 
0 0 0 13 0 0 0 70 0 7 0 0 0 
0 0 0 14 1 0 0 75 0 2 0 15 0 
0 0 0 15 1 0 0 80 0 10 0 12 0 
0 0 0 16 0 0 0 85 0 13 0 11 0 
0 0 0 17 1 0 0 90 0 19 0 3 0 
0 0 0 18 1 0 0 95 0 6 0 9 0 
0 0 0 19 0 0 0 100 0 4 0 1 0 
0 0 0 20 0 0 0 105 0 0 0 7 0 
0 0 0 21 2 0 0 110 0 10 0 5 0 
0 0 0 22 0 0 0 115 0 9 0 4 0 
0 0 0 23 1 0 0 120 0 12 0 11 0 
0 0 0 24 0 0 0 125 0 14 0 7 0 
0 0 0 25 1 0 0 130 0 9 0 7 0 
0 0 0 26 0 0 0 135 0 11 0 2 0 
0 0 0 27 2 0 0 140 0 13 0 4 0 
0 0 0 28 1 0 0 145 0 11 0 16 0 
0 0 0 29 2 0 0 150 0 19 0 9 0 
0 0 0 0 0 0 0 0 0 0 0 0 0 0 0 0 0 0 0 0 0 0 0 0 0 0 0 0 0 0 
0 0 0 0 0 0 0 0 0 0 0 0 0 0 0 0 0 0 0 0 0 0 0 0 0 0 0 0 0 0 
0 0 0 0 0 0 0 0 0 0 0 0 0 0 0 0 0 0 0 0 0 0 0 0 0 0 0 0 0 0 
0 0 0 0 0 0 0 0 0 0 0 0 0 0 0 0 0 0 0 0 0 0 0 0 0 0 0 0 0 0 
0 1 0 0 8630 
0 0 0 0 2 0 0 18 0 21 0 6 0 
0 2 1 1 1 0 0 10 1 16 0 16 0 
1 2 1 2 1 0 0 15 1 18 0 10 0 
0 0 0 3 0 225 0 20 1 18 0 12 0 
0 0 0 4 0 52 0 25 1 5 0 10 0 
0 0 0 5 1 0 0 30 0 18 0 13 0 
0 0 0 6 0 0 0 35 0 21 0 7 0 
0 0 0 7 1 0 0 40 0 21 0 4 0 
0 0 0 8 0 0 0 45 0 20 0 14 0 
0 0 0 9 1 0 0 50 0 15 0 10 0 
0 0 0 10 0 0 0 55 0 4 0 9 0 
0 0 0 11 1 0 0 60 0 4 0 9 0 
0 0 0 12 0 0 0 65 0 14 0 16 0 
0 0 0 13 0 0 0 70 0 7 0 0 0 
0 0 0 14 1 0 0 75 0 2 0 15 0 
0 0 0 15 1 0 0 80 0 10 0 12 0 
0 0 0 16 0 0 0 85 0 13 0 11 0 
0 0 0 17 1 0 0 90 0 19 0 3 0 
0 0 0 18 1 0 0 95 0 6 0 9 0 
0 0 0 19 0 0 0 100 0 4 0 1 0 
0 0 0 20 0 0 0 105 0 0 0 7 0 
0 0 0 21 2 0 0 110 0 10 0 5 0 
0 0 0 22 0 0 0 115 0 9 0 4 0 
0 0 0 23 1 0 0 120 0 12 0 11 0 
0 0 0 24 0 0 0 125 0 14 0 7 0 
0 0 0 25 1 0 0 130 0 9 0 7 0 
0 0 0 26 0 0 0 135 0 11 0 2 0 
0 0 0 27 2 0 0 140 0 13 0 4 0 
0 0 0 28 1 0 0 145 0 11 0 16 0 
0 0 0 29 2 0 0 150 0 19 0 9 0 
0 0 0 0 0 0 0 0 0 0 0 0 0 0 0 0 0 0 0 0 0 0 0 0 0 0 0 0 0 0 
2 2 0 0 0 0 0 0 0 0 0 0 0 0 0 0 0 0 0 0 0 0 0 0 0 0 0 0 0 0 
0 0 0 0 0 0 0 0 0 0 0 0 0 0 0 0 0 0 0 0 0 0 0 0 0 0 0 0 0 0 
0 0 0 0 0 0 0 0 0 0 0 0 0 0 0 0 0 0 0 0 0 0 0 0 0 0 0 0 0 0 
0 1 0 0 8324 
0 2 1 0 2 0 0 18 1 21 0 6 0 
0 2 1 1 1 0 0 10 1 16 0 16 0 
1 2 1 2 1 0 0 15 1 18 0 10 0 
0 2 1 3 0 0 0 20 1 18 0 12 0 
0 0 0 4 0 194 0 25 1 5 0 10 0 
0 0 0 5 1 80 0 30 1 18 0 13 0 
0 0 0 6 0 0 0 35 0 21 0 7 0 
0 0 0 7 1 0 0 40 0 21 0 4 0 
0 0 0 8 0 0 0 45 0 20 0 14 0 
0 0 0 9 1 0 0 50 0 15 0 10 0 
0 0 0 10 0 0 0 55 0 4 0 9 0 
0 0 0 11 1 0 0 60 0 4 0 9 0 
0 0 0 12 0 0 0 65 0 14 0 16 0 
0 0 0 13 0 0 0 70 0 7 0 0 0 
0 0 0 14 1 0 0 75 0 2 0 15 0 
0 0 0 15 1 0 0 80 0 10 0 12 0 
0 0 0 16 0 0 0 85 0 13 0 11 0 
0 0 0 17 1 0 0 90 0 19 0 3 0 
0 0 0 18 1 0 0 95 0 6 0 9 0 
0 0 0 19 0 0 0 100 0 4 0 1 0 
0 0 0 20 0 0 0 105 0 0 0 7 0 
0 0 0 21 2 0 0 110 0 10 0 5 0 
0 0 0 22 0 0 0 115 0 9 0 4 0 
0 0 0 23 1 0 0 120 0 12 0 11 0 
0 0 0 24 0 0 0 125 0 14 0 7 0 
0 0 0 25 1 0 0 130 0 9 0 7 0 
0 0 0 26 0 0 0 135 0 11 0 2 0 
0 0 0 27 2 0 0 140 0 13 0 4 0 
0 0 0 28 1 0 0 145 0 11 0 16 0 
0 0 0 29 2 0 0 150 0 19 0 9 0 
0 0 0 0 0 0 0 0 0 0 0 0 0 0 0 0 0 0 0 0 0 0 0 0 0 0 0 0 0 0 
2 2 0 0 0 0 0 0 0 0 0 0 0 0 0 0 0 0 0 0 0 0 0 0 0 0 0 0 0 0 
0 0 0 0 0 0 0 0 0 0 0 0 0 0 0 0 0 0 0 0 0 0 0 0 0 0 0 0 0 0 
0 0 0 0 0 0 0 0 0 0 0 0 0 0 0 0 0 0 0 0 0 0 0 0 0 0 0 0 0 0 
0 1 0 0 7917 
0 2 1 0 2 0 0 18 1 21 0 6 0 
0 2 1 1 1 0 0 10 1 16 0 16 0 
0 0 0 2 1 0 0 26 0 4 0 11 0 
1 2 1 3 0 0 0 20 1 18 0 12 0 
0 0 0 4 0 159 0 25 1 5 0 10 0 
0 0 0 5 1 45 0 30 1 18 0 13 0 
0 0 0 6 0 0 0 35 0 21 0 7 0 
0 0 0 7 1 0 0 40 0 21 0 4 0 
0 0 0 8 0 0 0 45 0 20 0 14 0 
0 0 0 9 1 0 0 50 0 15 0 10 0 
0 0 0 10 0 0 0 55 0 4 0 9 0 
0 0 0 11 1 0 0 60 0 4 0 9 0 
0 0 0 12 0 0 0 65 0 14 0 16 0 
0 0 0 13 0 0 0 70 0 7 0 0 0 
0 0 0 14 1 0 0 75 0 2 0 15 0 
0 0 0 15 1 0 0 80 0 10 0 12 0 
0 0 0 16 0 0 0 85 0 13 0 11 0 
0 0 0 17 1 0 0 90 0 19 0 3 0 
0 0 0 18 1 0 0 95 0 6 0 9 0 
0 0 0 19 0 0 0 100 0 4 0 1 0 
0 0 0 20 0 0 0 105 0 0 0 7 0 
0 0 0 21 2 0 0 110 0 10 0 5 0 
0 0 0 22 0 0 0 115 0 9 0 4 0 
0 0 0 23 1 0 0 120 0 12 0 11 0 
0 0 0 24 0 0 0 125 0 14 0 7 0 
0 0 0 25 1 0 0 130 0 9 0 7 0 
0 0 0 26 0 0 0 135 0 11 0 2 0 
0 0 0 27 2 0 0 140 0 13 0 4 0 
0 0 0 28 1 0 0 145 0 11 0 16 0 
0 0 0 29 2 0 0 150 0 19 0 9 0 
0 0 0 0 0 0 0 0 0 0 0 0 0 0 0 0 0 0 0 0 0 0 0 0 0 0 0 0 0 0 
2 2 0 0 0 0 0 0 0 0 0 0 0 0 0 0 0 0 0 0 0 0 0 0 0 0 0 0 0 0 
3 0 0 0 0 0 0 0 0 0 0 0 0 0 0 0 0 0 0 0 0 0 0 0 0 0 0 0 0 0 
0 0 0 0 0 0 0 0 0 0 0 0 0 0 0 0 0 0 0 0 0 0 0 0 0 0 0 0 0 0 
0 0 1 0 7691 
1 2 1 0 2 0 0 18 1 5 195 4 132 
1 2 1 1 1 0 0 10 1 5 195 4 132 
1 2 1 2 1 0 0 26 1 4 0 11 0 
1 2 1 3 0 0 0 20 1 18 0 12 0 
1 2 1 4 0 0 0 25 1 5 0 10 0 
1 2 1 5 1 0 0 30 1 18 0 13 0 
0 2 1 6 0 0 0 35 1 21 0 7 0 
0 0 0 7 1 149 0 40 1 21 0 4 0 
0 0 0 8 0 169 0 45 1 20 0 14 0 
0 0 0 9 1 0 0 50 0 15 0 10 0 
0 0 0 10 0 0 0 55 0 4 0 9 0 
0 0 0 11 1 0 0 60 0 4 0 9 0 
0 0 0 12 0 0 0 65 0 14 0 16 0 
0 0 0 13 0 0 0 70 0 7 0 0 0 
0 0 0 14 1 0 0 75 0 2 0 15 0 
0 0 0 15 1 0 0 80 0 10 0 12 0 
0 0 0 16 0 0 0 85 0 13 0 11 0 
0 0 0 17 1 0 0 90 0 19 0 3 0 
0 0 0 18 1 0 0 95 0 6 0 9 0 
0 0 0 19 0 0 0 100 0 4 0 1 0 
0 0 0 20 0 0 0 105 0 0 0 7 0 
0 0 0 21 2 0 0 110 0 10 0 5 0 
0 0 0 22 0 0 0 115 0 9 0 4 0 
0 0 0 23 1 0 0 120 0 12 0 11 0 
0 0 0 24 0 0 0 125 0 14 0 7 0 
0 0 0 25 1 0 0 130 0 9 0 7 0 
0 0 0 26 0 0 0 135 0 11 0 2 0 
0 0 0 27 2 0 0 140 0 13 0 4 0 
0 0 0 28 1 0 0 145 0 11 0 16 0 
0 0 0 29 2 0 0 150 0 19 0 9 0 
0 1 4 5 0 0 0 0 0 0 0 0 0 0 0 0 0 0 0 0 0 0 0 0 0 0 0 0 0 0 
2 2 0 0 0 0 0 0 0 0 0 0 0 0 0 0 0 0 0 0 0 0 0 0 0 0 0 0 0 0 
3 0 0 0 0 0 0 0 0 0 0 0 0 0 0 0 0 0 0 0 0 0 0 0 0 0 0 0 0 0 
2 0 0 0 0 0 0 0 0 0 0 0 0 0 0 0 0 0 0 0 0 0 0 0 0 0 0 0 0 0 
4 0 1 1 6326 
1 2 1 0 2 0 0 18 1 5 195 4 132 
1 2 1 1 1 0 0 10 1 5 195 4 132 
0 0 0 2 1 0 0 42 0 14 0 15 0 
1 2 1 3 0 0 0 20 1 18 0 12 0 
1 2 1 4 0 0 0 25 1 5 0 10 0 
1 2 1 5 1 0 0 30 1 18 0 13 0 
1 2 1 6 0 0 0 35 1 21 0 7 0 
0 2 1 7 1 0 0 40 1 21 0 4 0 
0 0 0 8 0 241 0 45 1 20 0 14 0 
0 0 0 9 1 8 0 50 1 15 0 10 0 
0 0 0 10 0 0 0 55 0 4 0 9 0 
0 0 0 11 1 0 0 60 0 4 0 9 0 
0 0 0 12 0 0 0 65 0 14 0 16 0 
0 0 0 13 0 0 0 70 0 7 0 0 0 
0 0 0 14 1 0 0 75 0 2 0 15 0 
0 0 0 15 1 0 0 80 0 10 0 12 0 
0 0 0 16 0 0 0 85 0 13 0 11 0 
0 0 0 17 1 0 0 90 0 19 0 3 0 
0 0 0 18 1 0 0 95 0 6 0 9 0 
0 0 0 19 0 0 0 100 0 4 0 1 0 
0 0 0 20 0 0 0 105 0 0 0 7 0 
0 0 0 21 2 0 0 110 0 10 0 5 0 
0 0 0 22 0 0 0 115 0 9 0 4 0 
0 0 0 23 1 0 0 120 0 12 0 11 0 
0 0 0 24 0 0 0 125 0 14 0 7 0 
0 0 0 25 1 0 0 130 0 9 0 7 0 
0 0 0 26 0 0 0 135 0 11 0 2 0 
0 0 0 27 2 0 0 140 0 13 0 4 0 
0 0 0 28 1 0 0 145 0 11 0 16 0 
0 0 0 29 2 0 0 150 0 19 0 9 0 
0 1 4 5 6 0 0 0 0 0 0 0 0 0 0 0 0 0 0 0 0 0 0 0 0 0 0 0 0 0 
2 2 0 0 0 0 0 0 0 0 0 0 0 0 0 0 0 0 0 0 0 0 0 0 0 0 0 0 0 0 
3 0 0 0 0 0 0 0 0 0 0 0 0 0 0 0 0 0 0 0 0 0 0 0 0 0 0 0 0 0 
2 0 0 0 0 0 0 0 0 0 0 0 0 0 0 0 0 0 0 0 0 0 0 0 0 0 0 0 0 0 
5 0 1 0 5991 
1 2 1 0 2 0 0 18 1 5 195 4 132 
1 2 1 1 1 0 0 10 1 5 195 4 132 
0 2 1 2 1 0 0 42 1 14 0 15 0 
1 2 1 3 0 0 0 20 1 18 0 12 0 
1 2 1 4 0 0 0 25 1 5 0 10 0 
1 2 1 5 1 0 0 30 1 18 0 13 0 
1 2 1 6 0 0 0 35 1 21 0 7 0 
1 2 1 7 1 0 0 40 1 21 0 4 0 
1 2 1 8 0 0 0 45 1 20 0 14 0 
0 1 0 9 1 99 0 50 1 15 0 10 0 
0 0 0 10 0 233 0 55 1 4 0 9 0 
0 0 0 11 1 0 0 60 0 4 0 9 0 
0 0 0 12 0 0 0 65 0 14 0 16 0 
0 0 0 13 0 0 0 70 0 7 0 0 0 
0 0 0 14 1 0 0 75 0 2 0 15 0 
0 0 0 15 1 0 0 80 0 10 0 12 0 
0 0 0 16 0 0 0 85 0 13 0 11 0 
0 0 0 17 1 0 0 90 0 19 0 3 0 
0 0 0 18 1 0 0 95 0 6 0 9 0 
0 0 0 19 0 0 0 100 0 4 0 1 0 
0 0 0 20 0 0 0 105 0 0 0 7 0 
0 0 0 21 2 0 0 110 0 10 0 5 0 
0 0 0 22 0 0 0 115 0 9 0 4 0 
0 0 0 23 1 0 0 120 0 12 0 11 0 
0 0 0 24 0 0 0 125 0 14 0 7 0 
0 0 0 25 1 0 0 130 0 9 0 7 0 
0 0 0 26 0 0 0 135 0 11 0 2 0 
0 0 0 27 2 0 0 140 0 13 0 4 0 
0 0 0 28 1 0 0 145 0 11 0 16 0 
0 0 0 29 2 0 0 150 0 19 0 9 0 
0 1 4 5 6 0 0 0 0 0 0 0 0 0 0 0 0 0 0 0 0 0 0 0 0 0 0 0 0 0 
2 2 0 0 0 0 0 0 0 0 0 0 0 0 0 0 0 0 0 0 0 0 0 0 0 0 0 0 0 0 
3 7 8 0 0 0 0 0 0 0 0 0 0 0 0 0 0 0 0 0 0 0 0 0 0 0 0 0 0 0 
2 0 0 0 0 0 0 0 0 0 0 0 0 0 0 0 0 0 0 0 0 0 0 0 0 0 0 0 0 0 
5 0 3 0 5001 
0 0 0 0 2 0 0 54 0 2 195 3 132 
0 0 0 1 1 0 0 56 0 4 195 13 132 
1 2 1 2 1 0 0 42 1 14 0 15 0 
1 2 1 3 0 0 0 20 1 18 0 12 0 
1 2 1 4 0 0 0 25 1 5 0 10 0 
0 0 0 5 1 0 0 57 0 10 0 16 0 
1 2 1 6 0 0 0 35 1 21 0 7 0 
1 2 1 7 1 0 0 40 1 21 0 4 0 
1 2 1 8 0 0 0 45 1 20 0 14 0 
0 2 1 9 1 0 0 50 1 15 0 10 0 
0 0 0 10 0 82 0 55 1 4 0 9 0 
0 0 0 11 1 102 0 60 1 4 0 9 0 
0 0 0 12 0 0 0 65 0 14 0 16 0 
0 0 0 13 0 0 0 70 0 7 0 0 0 
0 0 0 14 1 0 0 75 0 2 0 15 0 
0 0 0 15 1 0 0 80 0 10 0 12 0 
0 0 0 16 0 0 0 85 0 13 0 11 0 
0 0 0 17 1 0 0 90 0 19 0 3 0 
0 0 0 18 1 0 0 95 0 6 0 9 0 
0 0 0 19 0 0 0 100 0 4 0 1 0 
0 0 0 20 0 0 0 105 0 0 0 7 0 
0 0 0 21 2 0 0 110 0 10 0 5 0 
0 0 0 22 0 0 0 115 0 9 0 4 0 
0 0 0 23 1 0 0 120 0 12 0 11 0 
0 0 0 24 0 0 0 125 0 14 0 7 0 
0 0 0 25 1 0 0 130 0 9 0 7 0 
0 0 0 26 0 0 0 135 0 11 0 2 0 
0 0 0 27 2 0 0 140 0 13 0 4 0 
0 0 0 28 1 0 0 145 0 11 0 16 0 
0 0 0 29 2 0 0 150 0 19 0 9 0 
4 6 4 5 6 0 0 0 0 0 0 0 0 0 0 0 0 0 0 0 0 0 0 0 0 0 0 0 0 0 
2 2 0 0 0 0 0 0 0 0 0 0 0 0 0 0 0 0 0 0 0 0 0 0 0 0 0 0 0 0 
3 7 8 0 0 0 0 0 0 0 0 0 0 0 0 0 0 0 0 0 0 0 0 0 0 0 0 0 0 0 
2 0 0 0 0 0 0 0 0 0 0 0 0 0 0 0 0 0 0 0 0 0 0 0 0 0 0 0 0 0 
2 1 3 0 4770 
0 0 0 0 2 0 0 59 0 10 195 2 132 
0 1 0 1 1 73 0 56 1 4 195 13 132 
1 2 1 2 1 0 0 42 1 14 0 15 0 
1 2 1 3 0 0 0 20 1 18 0 12 0 
1 2 1 4 0 0 0 25 1 5 0 10 0 
0 0 0 5 1 81 0 57 1 10 0 16 0 
0 0 0 6 0 0 0 58 0 12 0 6 0 
1 2 1 7 1 0 0 40 1 21 0 4 0 
1 2 1 8 0 0 0 45 1 20 0 14 0 
0 2 1 9 1 0 0 50 1 15 0 10 0 
0 2 1 10 0 0 0 55 1 4 0 9 0 
0 0 0 11 1 184 0 60 1 4 0 9 0 
0 0 0 12 0 72 0 65 1 14 0 16 0 
0 0 0 13 0 0 0 70 0 7 0 0 0 
0 0 0 14 1 0 0 75 0 2 0 15 0 
0 0 0 15 1 0 0 80 0 10 0 12 0 
0 0 0 16 0 0 0 85 0 13 0 11 0 
0 0 0 17 1 0 0 90 0 19 0 3 0 
0 0 0 18 1 0 0 95 0 6 0 9 0 
0 0 0 19 0 0 0 100 0 4 0 1 0 
0 0 0 20 0 0 0 105 0 0 0 7 0 
0 0 0 21 2 0 0 110 0 10 0 5 0 
0 0 0 22 0 0 0 115 0 9 0 4 0 
0 0 0 23 1 0 0 120 0 12 0 11 0 
0 0 0 24 0 0 0 125 0 14 0 7 0 
0 0 0 25 1 0 0 130 0 9 0 7 0 
0 0 0 26 0 0 0 135 0 11 0 2 0 
0 0 0 27 2 0 0 140 0 13 0 4 0 
0 0 0 28 1 0 0 145 0 11 0 16 0 
0 0 0 29 2 0 0 150 0 19 0 9 0 
4 6 0 5 6 0 0 0 0 0 0 0 0 0 0 0 0 0 0 0 0 0 0 0 0 0 0 0 0 0 
2 2 0 0 0 0 0 0 0 0 0 0 0 0 0 0 0 0 0 0 0 0 0 0 0 0 0 0 0 0 
3 7 8 0 0 0 0 0 0 0 0 0 0 0 0 0 0 0 0 0 0 0 0 0 0 0 0 0 0 0 
2 0 0 0 0 0 0 0 0 0 0 0 0 0 0 0 0 0 0 0 0 0 0 0 0 0 0 0 0 0 
1 1 3 0 4427 
0 0 0 0 2 5 0 59 1 10 195 2 132 
0 1 0 1 1 80 0 56 1 4 195 13 132 
1 2 1 2 1 0 0 42 1 14 0 15 0 
0 0 0 3 0 0 0 61 0 19 0 11 0 
1 2 1 4 0 0 0 25 1 5 0 10 0 
0 0 0 5 1 86 0 57 1 10 0 16 0 
0 0 0 6 0 5 0 58 1 12 0 6 0 
0 0 0 7 1 0 0 62 0 15 0 12 0 
1 2 1 8 0 0 0 45 1 20 0 14 0 
0 2 1 9 1 0 0 50 1 15 0 10 0 
0 2 1 10 0 0 0 55 1 4 0 9 0 
0 0 0 11 1 189 0 60 1 4 0 9 0 
0 0 0 12 0 77 0 65 1 14 0 16 0 
0 0 0 13 0 0 0 70 0 7 0 0 0 
0 0 0 14 1 0 0 75 0 2 0 15 0 
0 0 0 15 1 0 0 80 0 10 0 12 0 
0 0 0 16 0 0 0 85 0 13 0 11 0 
0 0 0 17 1 0 0 90 0 19 0 3 0 
0 0 0 18 1 0 0 95 0 6 0 9 0 
0 0 0 19 0 0 0 100 0 4 0 1 0 
0 0 0 20 0 0 0 105 0 0 0 7 0 
0 0 0 21 2 0 0 110 0 10 0 5 0 
0 0 0 22 0 0 0 115 0 9 0 4 0 
0 0 0 23 1 0 0 120 0 12 0 11 0 
0 0 0 24 0 0 0 125 0 14 0 7 0 
0 0 0 25 1 0 0 130 0 9 0 7 0 
0 0 0 26 0 0 0 135 0 11 0 2 0 
0 0 0 27 2 0 0 140 0 13 0 4 0 
0 0 0 28 1 0 0 145 0 11 0 16 0 
0 0 0 29 2 0 0 150 0 19 0 9 0 
4 6 0 5 6 0 0 0 0 0 0 0 0 0 0 0 0 0 0 0 0 0 0 0 0 0 0 0 0 0 
2 2 0 0 0 0 0 0 0 0 0 0 0 0 0 0 0 0 0 0 0 0 0 0 0 0 0 0 0 0 
8 7 8 0 0 0 0 0 0 0 0 0 0 0 0 0 0 0 0 0 0 0 0 0 0 0 0 0 0 0 
2 0 0 0 0 0 0 0 0 0 0 0 0 0 0 0 0 0 0 0 0 0 0 0 0 0 0 0 0 0 
1 1 1 0 4420 
0 2 1 0 2 0 0 59 1 10 195 2 132 
1 2 1 1 1 0 0 56 1 4 195 13 132 
1 2 1 2 1 0 0 42 1 14 0 15 0 
1 2 1 3 0 0 0 61 1 19 0 11 0 
1 2 1 4 0 0 0 25 1 5 0 10 0 
0 2 1 5 1 0 0 57 1 10 0 16 0 
0 0 0 6 0 0 0 68 0 10 0 14 0 
0 2 1 7 1 0 0 62 1 15 0 12 0 
1 2 1 8 0 0 0 45 1 20 0 14 0 
0 2 1 9 1 0 0 50 1 15 0 10 0 
1 2 1 10 0 0 0 55 1 4 0 9 0 
0 2 1 11 1 0 0 60 1 4 0 9 0 
0 2 1 12 0 0 0 65 1 14 0 16 0 
0 0 0 13 0 216 0 70 1 7 0 0 0 
0 0 0 14 1 238 0 75 1 2 0 15 0 
0 0 0 15 1 0 0 80 0 10 0 12 0 
0 0 0 16 0 0 0 85 0 13 0 11 0 
0 0 0 17 1 0 0 90 0 19 0 3 0 
0 0 0 18 1 0 0 95 0 6 0 9 0 
0 0 0 19 0 0 0 100 0 4 0 1 0 
0 0 0 20 0 0 0 105 0 0 0 7 0 
0 0 0 21 2 0 0 110 0 10 0 5 0 
0 0 0 22 0 0 0 115 0 9 0 4 0 
0 0 0 23 1 0 0 120 0 12 0 11 0 
0 0 0 24 0 0 0 125 0 14 0 7 0 
0 0 0 25 1 0 0 130 0 9 0 7 0 
0 0 0 26 0 0 0 135 0 11 0 2 0 
0 0 0 27 2 0 0 140 0 13 0 4 0 
0 0 0 28 1 0 0 145 0 11 0 16 0 
0 0 0 29 2 0 0 150 0 19 0 9 0 
4 6 0 5 6 0 0 0 0 0 0 0 0 0 0 0 0 0 0 0 0 0 0 0 0 0 0 0 0 0 
2 10 1 0 0 0 0 0 0 0 0 0 0 0 0 0 0 0 0 0 0 0 0 0 0 0 0 0 0 0 
8 3 8 0 0 0 0 0 0 0 0 0 0 0 0 0 0 0 0 0 0 0 0 0 0 0 0 0 0 0 
6 0 0 0 0 0 0 0 0 0 0 0 0 0 0 0 0 0 0 0 0 0 0 0 0 0 0 0 0 0 
1 3 2 0 3393 
0 2 1 0 2 0 0 59 1 10 195 2 132 
0 0 0 1 1 0 0 71 0 12 195 5 132 
0 0 0 2 1 0 0 69 0 14 0 11 0 
1 2 1 3 0 0 0 61 1 19 0 11 0 
1 2 1 4 0 0 0 25 1 5 0 10 0 
0 2 1 5 1 0 0 57 1 10 0 16 0 
0 1 0 6 0 57 0 68 1 10 0 14 0 
1 2 1 7 1 0 0 62 1 15 0 12 0 
1 2 1 8 0 0 0 45 1 20 0 14 0 
0 2 1 9 1 0 0 50 1 15 0 10 0 
1 2 1 10 0 0 0 55 1 4 0 9 0 
0 2 1 11 1 0 0 60 1 4 0 9 0 
1 2 1 12 0 0 0 65 1 14 0 16 0 
0 0 0 13 0 109 0 70 1 7 0 0 0 
0 0 0 14 1 131 0 75 1 2 0 15 0 
0 0 0 15 1 0 0 80 0 10 0 12 0 
0 0 0 16 0 0 0 85 0 13 0 11 0 
0 0 0 17 1 0 0 90 0 19 0 3 0 
0 0 0 18 1 0 0 95 0 6 0 9 0 
0 0 0 19 0 0 0 100 0 4 0 1 0 
0 0 0 20 0 0 0 105 0 0 0 7 0 
0 0 0 21 2 0 0 110 0 10 0 5 0 
0 0 0 22 0 0 0 115 0 9 0 4 0 
0 0 0 23 1 0 0 120 0 12 0 11 0 
0 0 0 24 0 0 0 125 0 14 0 7 0 
0 0 0 25 1 0 0 130 0 9 0 7 0 
0 0 0 26 0 0 0 135 0 11 0 2 0 
0 0 0 27 2 0 0 140 0 13 0 4 0 
0 0 0 28 1 0 0 145 0 11 0 16 0 
0 0 0 29 2 0 0 150 0 19 0 9 0 
4 12 0 5 6 0 0 0 0 0 0 0 0 0 0 0 0 0 0 0 0 0 0 0 0 0 0 0 0 0 
10 10 1 0 0 0 0 0 0 0 0 0 0 0 0 0 0 0 0 0 0 0 0 0 0 0 0 0 0 0 
8 3 7 0 0 0 0 0 0 0 0 0 0 0 0 0 0 0 0 0 0 0 0 0 0 0 0 0 0 0 
6 0 0 0 0 0 0 0 0 0 0 0 0 0 0 0 0 0 0 0 0 0 0 0 0 0 0 0 0 0 
2 1 3 0 3243 
0 2 1 0 2 0 0 59 1 10 195 2 132 
0 1 0 1 1 45 0 71 1 12 195 5 132 
0 2 1 2 1 0 0 69 1 14 0 11 0 
1 2 1 3 0 0 0 61 1 19 0 11 0 
1 2 1 4 0 0 0 25 1 5 0 10 0 
0 2 1 5 1 0 0 57 1 10 0 16 0 
1 2 1 6 0 0 0 68 1 10 0 14 0 
1 2 1 7 1 0 0 62 1 15 0 12 0 
1 2 1 8 0 0 0 45 1 20 0 14 0 
0 2 1 9 1 0 0 50 1 15 0 10 0 
1 2 1 10 0 0 0 55 1 4 0 9 0 
0 2 1 11 1 0 0 60 1 4 0 9 0 
1 2 1 12 0 0 0 65 1 14 0 16 0 
0 2 1 13 0 0 0 70 1 7 0 0 0 
0 0 0 14 1 156 0 75 1 2 0 15 0 
0 0 0 15 1 42 0 80 1 10 0 12 0 
0 0 0 16 0 0 0 85 0 13 0 11 0 
0 0 0 17 1 0 0 90 0 19 0 3 0 
0 0 0 18 1 0 0 95 0 6 0 9 0 
0 0 0 19 0 0 0 100 0 4 0 1 0 
0 0 0 20 0 0 0 105 0 0 0 7 0 
0 0 0 21 2 0 0 110 0 10 0 5 0 
0 0 0 22 0 0 0 115 0 9 0 4 0 
0 0 0 23 1 0 0 120 0 12 0 11 0 
0 0 0 24 0 0 0 125 0 14 0 7 0 
0 0 0 25 1 0 0 130 0 9 0 7 0 
0 0 0 26 0 0 0 135 0 11 0 2 0 
0 0 0 27 2 0 0 140 0 13 0 4 0 
0 0 0 28 1 0 0 145 0 11 0 16 0 
0 0 0 29 2 0 0 150 0 19 0 9 0 
4 12 0 5 6 0 0 0 0 0 0 0 0 0 0 0 0 0 0 0 0 0 0 0 0 0 0 0 0 0 
10 10 1 0 0 0 0 0 0 0 0 0 0 0 0 0 0 0 0 0 0 0 0 0 0 0 0 0 0 0 
8 3 7 6 0 0 0 0 0 0 0 0 0 0 0 0 0 0 0 0 0 0 0 0 0 0 0 0 0 0 
6 0 0 0 0 0 0 0 0 0 0 0 0 0 0 0 0 0 0 0 0 0 0 0 0 0 0 0 0 0 
2 1 4 0 2955 
0 2 1 0 2 0 0 59 1 10 195 2 132 
0 2 1 1 1 0 0 71 1 12 195 5 132 
0 2 1 2 1 0 0 69 1 14 0 11 0 
1 2 1 3 0 0 0 61 1 19 0 11 0 
1 2 1 4 0 0 0 25 1 5 0 10 0 
0 2 1 5 1 0 0 57 1 10 0 16 0 
1 2 1 6 0 0 0 68 1 10 0 14 0 
1 2 1 7 1 0 0 62 1 15 0 12 0 
1 2 1 8 0 0 0 45 1 20 0 14 0 
0 2 1 9 1 0 0 50 1 15 0 10 0 
0 0 0 10 0 0 0 73 0 6 0 3 0 
0 2 1 11 1 0 0 60 1 4 0 9 0 
1 2 1 12 0 0 0 65 1 14 0 16 0 
0 2 1 13 0 0 0 70 1 7 0 0 0 
0 0 0 14 1 234 0 75 1 2 0 15 0 
0 0 0 15 1 120 0 80 1 10 0 12 0 
0 0 0 16 0 0 0 85 0 13 0 11 0 
0 0 0 17 1 0 0 90 0 19 0 3 0 
0 0 0 18 1 0 0 95 0 6 0 9 0 
0 0 0 19 0 0 0 100 0 4 0 1 0 
0 0 0 20 0 0 0 105 0 0 0 7 0 
0 0 0 21 2 0 0 110 0 10 0 5 0 
0 0 0 22 0 0 0 115 0 9 0 4 0 
0 0 0 23 1 0 0 120 0 12 0 11 0 
0 0 0 24 0 0 0 125 0 14 0 7 0 
0 0 0 25 1 0 0 130 0 9 0 7 0 
0 0 0 26 0 0 0 135 0 11 0 2 0 
0 0 0 27 2 0 0 140 0 13 0 4 0 
0 0 0 28 1 0 0 145 0 11 0 16 0 
0 0 0 29 2 0 0 150 0 19 0 9 0 
4 12 0 5 6 0 0 0 0 0 0 0 0 0 0 0 0 0 0 0 0 0 0 0 0 0 0 0 0 0 
10 10 1 0 0 0 0 0 0 0 0 0 0 0 0 0 0 0 0 0 0 0 0 0 0 0 0 0 0 0 
8 3 7 6 0 0 0 0 0 0 0 0 0 0 0 0 0 0 0 0 0 0 0 0 0 0 0 0 0 0 
6 0 0 0 0 0 0 0 0 0 0 0 0 0 0 0 0 0 0 0 0 0 0 0 0 0 0 0 0 0 
2 0 4 0 2875 
1 2 1 0 2 0 0 59 1 12 384 4 128 
1 2 1 1 1 0 0 71 1 12 384 4 128 
1 2 1 2 1 0 0 69 1 12 384 4 128 
1 2 1 3 0 0 0 61 1 19 0 11 0 
1 2 1 4 0 0 0 25 1 5 0 10 0 
1 2 1 5 1 0 0 57 1 12 384 4 128 
1 2 1 6 0 0 0 68 1 10 0 14 0 
1 2 1 7 1 0 0 62 1 15 0 12 0 
1 2 1 8 0 0 0 45 1 20 0 14 0 
1 2 1 9 1 0 0 50 1 12 384 4 128 
1 2 1 10 0 0 0 73 1 12 384 4 128 
1 2 1 11 1 0 0 60 1 12 384 4 128 
1 2 1 12 0 0 0 65 1 14 0 16 0 
1 2 1 13 0 0 0 70 1 12 384 4 128 
0 1 0 14 1 48 0 75 1 2 0 15 0 
0 0 0 15 1 120 0 80 1 10 0 12 0 
0 0 0 16 0 0 0 85 0 13 0 11 0 
0 0 0 17 1 0 0 90 0 19 0 3 0 
0 0 0 18 1 0 0 95 0 6 0 9 0 
0 0 0 19 0 0 0 100 0 4 0 1 0 
0 0 0 20 0 0 0 105 0 0 0 7 0 
0 0 0 21 2 0 0 110 0 10 0 5 0 
0 0 0 22 0 0 0 115 0 9 0 4 0 
0 0 0 23 1 0 0 120 0 12 0 11 0 
0 0 0 24 0 0 0 125 0 14 0 7 0 
0 0 0 25 1 0 0 130 0 9 0 7 0 
0 0 0 26 0 0 0 135 0 11 0 2 0 
0 0 0 27 2 0 0 140 0 13 0 4 0 
0 0 0 28 1 0 0 145 0 11 0 16 0 
0 0 0 29 2 0 0 150 0 19 0 9 0 
4 12 0 1 2 5 9 10 11 13 0 0 0 0 0 0 0 0 0 0 0 0 0 0 0 0 0 0 0 0 
10 10 1 0 0 0 0 0 0 0 0 0 0 0 0 0 0 0 0 0 0 0 0 0 0 0 0 0 0 0 
8 3 7 6 0 0 0 0 0 0 0 0 0 0 0 0 0 0 0 0 0 0 0 0 0 0 0 0 0 0 
6 0 0 0 0 0 0 0 0 0 0 0 0 0 0 0 0 0 0 0 0 0 0 0 0 0 0 0 0 0 
10 0 4 0 2552 
1 2 1 0 2 0 0 59 1 12 384 4 128 
1 2 1 1 1 0 0 71 1 12 384 4 128 
1 2 1 2 1 0 0 69 1 12 384 4 128 
1 2 1 3 0 0 0 61 1 19 0 11 0 
1 2 1 4 0 0 0 25 1 5 0 10 0 
1 2 1 5 1 0 0 57 1 12 384 4 128 
1 2 1 6 0 0 0 68 1 10 0 14 0 
1 2 1 7 1 0 0 62 1 15 0 12 0 
1 2 1 8 0 0 0 45 1 20 0 14 0 
1 2 1 9 1 0 0 50 1 12 384 4 128 
1 2 1 10 0 0 0 73 1 12 384 4 128 
1 2 1 11 1 0 0 60 1 12 384 4 128 
1 2 1 12 0 0 0 65 1 14 0 16 0 
1 2 1 13 0 0 0 70 1 12 384 4 128 
0 2 1 14 1 0 0 75 1 2 0 15 0 
0 0 0 15 1 136 0 80 1 10 0 12 0 
0 0 0 16 0 218 0 85 1 13 0 11 0 
0 0 0 17 1 0 0 90 0 19 0 3 0 
0 0 0 18 1 0 0 95 0 6 0 9 0 
0 0 0 19 0 0 0 100 0 4 0 1 0 
0 0 0 20 0 0 0 105 0 0 0 7 0 
0 0 0 21 2 0 0 110 0 10 0 5 0 
0 0 0 22 0 0 0 115 0 9 0 4 0 
0 0 0 23 1 0 0 120 0 12 0 11 0 
0 0 0 24 0 0 0 125 0 14 0 7 0 
0 0 0 25 1 0 0 130 0 9 0 7 0 
0 0 0 26 0 0 0 135 0 11 0 2 0 
0 0 0 27 2 0 0 140 0 13 0 4 0 
0 0 0 28 1 0 0 145 0 11 0 16 0 
0 0 0 29 2 0 0 150 0 19 0 9 0 
4 12 0 1 2 5 9 10 11 13 0 0 0 0 0 0 0 0 0 0 0 0 0 0 0 0 0 0 0 0 
10 10 1 0 0 0 0 0 0 0 0 0 0 0 0 0 0 0 0 0 0 0 0 0 0 0 0 0 0 0 
8 3 7 6 0 0 0 0 0 0 0 0 0 0 0 0 0 0 0 0 0 0 0 0 0 0 0 0 0 0 
6 0 0 0 0 0 0 0 0 0 0 0 0 0 0 0 0 0 0 0 0 0 0 0 0 0 0 0 0 0 
10 0 4 0 2275 
1 2 1 0 2 0 0 59 1 12 384 4 128 
1 2 1 1 1 0 0 71 1 12 384 4 128 
1 2 1 2 1 0 0 69 1 12 384 4 128 
1 2 1 3 0 0 0 61 1 19 0 11 0 
1 2 1 4 0 0 0 25 1 5 0 10 0 
1 2 1 5 1 0 0 57 1 12 384 4 128 
1 2 1 6 0 0 0 68 1 10 0 14 0 
1 2 1 7 1 0 0 62 1 15 0 12 0 
1 2 1 8 0 0 0 45 1 20 0 14 0 
1 2 1 9 1 0 0 50 1 12 384 4 128 
1 2 1 10 0 0 0 73 1 12 384 4 128 
1 2 1 11 1 0 0 60 1 12 384 4 128 
1 2 1 12 0 0 0 65 1 14 0 16 0 
1 2 1 13 0 0 0 70 1 12 384 4 128 
1 2 1 14 1 0 0 75 1 2 0 15 0 
1 2 1 15 1 0 0 80 1 10 0 12 0 
0 1 0 16 0 44 0 85 1 13 0 11 0 
0 0 0 17 1 178 0 90 1 19 0 3 0 
0 0 0 18 1 0 0 95 0 6 0 9 0 
0 0 0 19 0 0 0 100 0 4 0 1 0 
0 0 0 20 0 0 0 105 0 0 0 7 0 
0 0 0 21 2 0 0 110 0 10 0 5 0 
0 0 0 22 0 0 0 115 0 9 0 4 0 
0 0 0 23 1 0 0 120 0 12 0 11 0 
0 0 0 24 0 0 0 125 0 14 0 7 0 
0 0 0 25 1 0 0 130 0 9 0 7 0 
0 0 0 26 0 0 0 135 0 11 0 2 0 
0 0 0 27 2 0 0 140 0 13 0 4 0 
0 0 0 28 1 0 0 145 0 11 0 16 0 
0 0 0 29 2 0 0 150 0 19 0 9 0 
4 12 0 1 2 5 9 10 11 13 15 0 0 0 0 0 0 0 0 0 0 0 0 0 0 0 0 0 0 0 
10 10 1 0 0 0 0 0 0 0 0 0 0 0 0 0 0 0 0 0 0 0 0 0 0 0 0 0 0 0 
8 3 7 6 14 0 0 0 0 0 0 0 0 0 0 0 0 0 0 0 0 0 0 0 0 0 0 0 0 0 
6 0 0 0 0 0 0 0 0 0 0 0 0 0 0 0 0 0 0 0 0 0 0 0 0 0 0 0 0 0 
11 0 5 0 1556 
1 2 1 0 2 0 0 59 1 12 384 4 128 
1 2 1 1 1 0 0 71 1 12 384 4 128 
1 2 1 2 1 0 0 69 1 12 384 4 128 
1 2 1 3 0 0 0 61 1 19 0 11 0 
1 2 1 4 0 0 0 25 1 5 0 10 0 
1 2 1 5 1 0 0 57 1 12 384 4 128 
1 2 1 6 0 0 0 68 1 10 0 14 0 
1 2 1 7 1 0 0 62 1 15 0 12 0 
1 2 1 8 0 0 0 45 1 20 0 14 0 
1 2 1 9 1 0 0 50 1 12 384 4 128 
1 2 1 10 0 0 0 73 1 12 384 4 128 
1 2 1 11 1 0 0 60 1 12 384 4 128 
1 2 1 12 0 0 0 65 1 14 0 16 0 
1 2 1 13 0 0 0 70 1 12 384 4 128 
1 2 1 14 1 0 0 75 1 2 0 15 0 
1 2 1 15 1 0 0 80 1 10 0 12 0 
1 2 1 16 0 0 0 85 1 13 0 11 0 
0 0 0 17 1 112 0 90 1 19 0 3 0 
0 0 0 18 1 134 0 95 1 6 0 9 0 
0 0 0 19 0 0 0 100 0 4 0 1 0 
0 0 0 20 0 0 0 105 0 0 0 7 0 
0 0 0 21 2 0 0 110 0 10 0 5 0 
0 0 0 22 0 0 0 115 0 9 0 4 0 
0 0 0 23 1 0 0 120 0 12 0 11 0 
0 0 0 24 0 0 0 125 0 14 0 7 0 
0 0 0 25 1 0 0 130 0 9 0 7 0 
0 0 0 26 0 0 0 135 0 11 0 2 0 
0 0 0 27 2 0 0 140 0 13 0 4 0 
0 0 0 28 1 0 0 145 0 11 0 16 0 
0 0 0 29 2 0 0 150 0 19 0 9 0 
4 12 0 1 2 5 9 10 11 13 15 16 0 0 0 0 0 0 0 0 0 0 0 0 0 0 0 0 0 0 
10 10 1 0 0 0 0 0 0 0 0 0 0 0 0 0 0 0 0 0 0 0 0 0 0 0 0 0 0 0 
8 3 7 6 14 0 0 0 0 0 0 0 0 0 0 0 0 0 0 0 0 0 0 0 0 0 0 0 0 0 
6 0 0 0 0 0 0 0 0 0 0 0 0 0 0 0 0 0 0 0 0 0 0 0 0 0 0 0 0 0 
12 0 5 0 1363 
1 2 1 0 2 0 0 59 1 12 384 4 128 
1 2 1 1 1 0 0 71 1 12 384 4 128 
1 2 1 2 1 0 0 69 1 12 384 4 128 
1 2 1 3 0 0 0 61 1 19 0 11 0 
1 2 1 4 0 0 0 25 1 5 0 10 0 
1 2 1 5 1 0 0 57 1 12 384 4 128 
1 2 1 6 0 0 0 68 1 10 0 14 0 
1 2 1 7 1 0 0 62 1 15 0 12 0 
1 2 1 8 0 0 0 45 1 20 0 14 0 
1 2 1 9 1 0 0 50 1 12 384 4 128 
1 2 1 10 0 0 0 73 1 12 384 4 128 
1 2 1 11 1 0 0 60 1 12 384 4 128 
1 2 1 12 0 0 0 65 1 14 0 16 0 
1 2 1 13 0 0 0 70 1 12 384 4 128 
1 2 1 14 1 0 0 75 1 2 0 15 0 
1 2 1 15 1 0 0 80 1 10 0 12 0 
1 2 1 16 0 0 0 85 1 13 0 11 0 
1 2 1 17 1 0 0 90 1 19 0 3 0 
0 2 1 18 1 0 0 95 1 6 0 9 0 
0 0 0 19 0 129 0 100 1 4 0 1 0 
0 0 0 20 0 151 0 105 1 0 0 7 0 
0 0 0 21 2 0 0 110 0 10 0 5 0 
0 0 0 22 0 0 0 115 0 9 0 4 0 
0 0 0 23 1 0 0 120 0 12 0 11 0 
0 0 0 24 0 0 0 125 0 14 0 7 0 
0 0 0 25 1 0 0 130 0 9 0 7 0 
0 0 0 26 0 0 0 135 0 11 0 2 0 
0 0 0 27 2 0 0 140 0 13 0 4 0 
0 0 0 28 1 0 0 145 0 11 0 16 0 
0 0 0 29 2 0 0 150 0 19 0 9 0 
4 12 0 1 2 5 9 10 11 13 15 16 0 0 0 0 0 0 0 0 0 0 0 0 0 0 0 0 0 0 
10 10 1 0 0 0 0 0 0 0 0 0 0 0 0 0 0 0 0 0 0 0 0 0 0 0 0 0 0 0 
8 3 7 6 14 17 0 0 0 0 0 0 0 0 0 0 0 0 0 0 0 0 0 0 0 0 0 0 0 0 
6 0 0 0 0 0 0 0 0 0 0 0 0 0 0 0 0 0 0 0 0 0 0 0 0 0 0 0 0 0 
12 0 6 0 344 
