27
0 0 0 0 2 0 0 5 0 19 0 6 0 
0 0 0 1 2 0 0 10 0 17 0 0 0 
0 0 0 2 0 0 0 15 0 2 0 12 0 
0 0 0 3 2 0 0 20 0 5 0 14 0 
0 0 0 4 0 0 0 25 0 6 0 1 0 
0 0 0 5 0 0 0 30 0 3 0 3 0 
0 0 0 6 2 0 0 35 0 15 0 10 0 
0 0 0 7 0 0 0 40 0 2 0 7 0 
0 0 0 8 0 0 0 45 0 17 0 10 0 
0 0 0 9 0 0 0 50 0 15 0 11 0 
0 0 0 10 1 0 0 55 0 21 0 4 0 
0 0 0 11 2 0 0 60 0 16 0 9 0 
0 0 0 12 1 0 0 65 0 18 0 1 0 
0 0 0 13 1 0 0 70 0 9 0 4 0 
0 0 0 14 2 0 0 75 0 0 0 5 0 
0 0 0 15 2 0 0 80 0 8 0 11 0 
0 0 0 16 0 0 0 85 0 15 0 9 0 
0 0 0 17 0 0 0 90 0 11 0 0 0 
0 0 0 18 1 0 0 95 0 11 0 4 0 
0 0 0 19 0 0 0 100 0 14 0 12 0 
0 0 0 20 0 0 0 105 0 4 0 14 0 
0 0 0 21 0 0 0 110 0 13 0 4 0 
0 0 0 22 2 0 0 115 0 19 0 2 0 
0 0 0 23 0 0 0 120 0 2 0 3 0 
0 0 0 24 2 0 0 125 0 3 0 3 0 
0 0 0 25 2 0 0 130 0 7 0 12 0 
0 0 0 26 2 0 0 135 0 6 0 7 0 
0 0 0 27 1 0 0 140 0 2 0 12 0 
0 0 0 28 2 0 0 145 0 0 0 4 0 
0 0 0 29 2 0 0 150 0 17 0 5 0 
0 0 0 0 0 0 0 0 0 0 0 0 0 0 0 0 0 0 0 0 0 0 0 0 0 0 0 0 0 0 
0 0 0 0 0 0 0 0 0 0 0 0 0 0 0 0 0 0 0 0 0 0 0 0 0 0 0 0 0 0 
0 0 0 0 0 0 0 0 0 0 0 0 0 0 0 0 0 0 0 0 0 0 0 0 0 0 0 0 0 0 
0 0 0 0 0 0 0 0 0 0 0 0 0 0 0 0 0 0 0 0 0 0 0 0 0 0 0 0 0 0 
0 0 0 0 10000 
0 2 1 0 2 0 0 5 1 19 0 6 0 
0 0 0 1 2 157 0 10 1 17 0 0 0 
0 0 0 2 0 179 0 15 1 2 0 12 0 
0 0 0 3 2 0 0 20 0 5 0 14 0 
0 0 0 4 0 0 0 25 0 6 0 1 0 
0 0 0 5 0 0 0 30 0 3 0 3 0 
0 0 0 6 2 0 0 35 0 15 0 10 0 
0 0 0 7 0 0 0 40 0 2 0 7 0 
0 0 0 8 0 0 0 45 0 17 0 10 0 
0 0 0 9 0 0 0 50 0 15 0 11 0 
0 0 0 10 1 0 0 55 0 21 0 4 0 
0 0 0 11 2 0 0 60 0 16 0 9 0 
0 0 0 12 1 0 0 65 0 18 0 1 0 
0 0 0 13 1 0 0 70 0 9 0 4 0 
0 0 0 14 2 0 0 75 0 0 0 5 0 
0 0 0 15 2 0 0 80 0 8 0 11 0 
0 0 0 16 0 0 0 85 0 15 0 9 0 
0 0 0 17 0 0 0 90 0 11 0 0 0 
0 0 0 18 1 0 0 95 0 11 0 4 0 
0 0 0 19 0 0 0 100 0 14 0 12 0 
0 0 0 20 0 0 0 105 0 4 0 14 0 
0 0 0 21 0 0 0 110 0 13 0 4 0 
0 0 0 22 2 0 0 115 0 19 0 2 0 
0 0 0 23 0 0 0 120 0 2 0 3 0 
0 0 0 24 2 0 0 125 0 3 0 3 0 
0 0 0 25 2 0 0 130 0 7 0 12 0 
0 0 0 26 2 0 0 135 0 6 0 7 0 
0 0 0 27 1 0 0 140 0 2 0 12 0 
0 0 0 28 2 0 0 145 0 0 0 4 0 
0 0 0 29 2 0 0 150 0 17 0 5 0 
0 0 0 0 0 0 0 0 0 0 0 0 0 0 0 0 0 0 0 0 0 0 0 0 0 0 0 0 0 0 
0 0 0 0 0 0 0 0 0 0 0 0 0 0 0 0 0 0 0 0 0 0 0 0 0 0 0 0 0 0 
0 0 0 0 0 0 0 0 0 0 0 0 0 0 0 0 0 0 0 0 0 0 0 0 0 0 0 0 0 0 
0 0 0 0 0 0 0 0 0 0 0 0 0 0 0 0 0 0 0 0 0 0 0 0 0 0 0 0 0 0 
0 0 0 0 9316 
1 2 1 0 2 0 0 5 1 19 0 6 0 
1 2 1 1 2 0 0 10 1 17 0 0 0 
0 1 0 2 0 75 0 15 1 2 0 12 0 
0 0 0 3 2 88 0 20 1 5 0 14 0 
0 0 0 4 0 0 0 25 0 6 0 1 0 
0 0 0 5 0 0 0 30 0 3 0 3 0 
0 0 0 6 2 0 0 35 0 15 0 10 0 
0 0 0 7 0 0 0 40 0 2 0 7 0 
0 0 0 8 0 0 0 45 0 17 0 10 0 
0 0 0 9 0 0 0 50 0 15 0 11 0 
0 0 0 10 1 0 0 55 0 21 0 4 0 
0 0 0 11 2 0 0 60 0 16 0 9 0 
0 0 0 12 1 0 0 65 0 18 0 1 0 
0 0 0 13 1 0 0 70 0 9 0 4 0 
0 0 0 14 2 0 0 75 0 0 0 5 0 
0 0 0 15 2 0 0 80 0 8 0 11 0 
0 0 0 16 0 0 0 85 0 15 0 9 0 
0 0 0 17 0 0 0 90 0 11 0 0 0 
0 0 0 18 1 0 0 95 0 11 0 4 0 
0 0 0 19 0 0 0 100 0 14 0 12 0 
0 0 0 20 0 0 0 105 0 4 0 14 0 
0 0 0 21 0 0 0 110 0 13 0 4 0 
0 0 0 22 2 0 0 115 0 19 0 2 0 
0 0 0 23 0 0 0 120 0 2 0 3 0 
0 0 0 24 2 0 0 125 0 3 0 3 0 
0 0 0 25 2 0 0 130 0 7 0 12 0 
0 0 0 26 2 0 0 135 0 6 0 7 0 
0 0 0 27 1 0 0 140 0 2 0 12 0 
0 0 0 28 2 0 0 145 0 0 0 4 0 
0 0 0 29 2 0 0 150 0 17 0 5 0 
0 0 0 0 0 0 0 0 0 0 0 0 0 0 0 0 0 0 0 0 0 0 0 0 0 0 0 0 0 0 
1 0 0 0 0 0 0 0 0 0 0 0 0 0 0 0 0 0 0 0 0 0 0 0 0 0 0 0 0 0 
0 0 0 0 0 0 0 0 0 0 0 0 0 0 0 0 0 0 0 0 0 0 0 0 0 0 0 0 0 0 
0 0 0 0 0 0 0 0 0 0 0 0 0 0 0 0 0 0 0 0 0 0 0 0 0 0 0 0 0 0 
1 1 0 0 8525 
1 2 1 0 2 0 0 5 1 19 0 6 0 
0 0 0 1 2 0 0 19 0 17 0 14 0 
1 2 1 2 0 0 0 15 1 2 0 12 0 
0 0 0 3 2 57 0 20 1 5 0 14 0 
0 0 0 4 0 200 0 25 1 6 0 1 0 
0 0 0 5 0 0 0 30 0 3 0 3 0 
0 0 0 6 2 0 0 35 0 15 0 10 0 
0 0 0 7 0 0 0 40 0 2 0 7 0 
0 0 0 8 0 0 0 45 0 17 0 10 0 
0 0 0 9 0 0 0 50 0 15 0 11 0 
0 0 0 10 1 0 0 55 0 21 0 4 0 
0 0 0 11 2 0 0 60 0 16 0 9 0 
0 0 0 12 1 0 0 65 0 18 0 1 0 
0 0 0 13 1 0 0 70 0 9 0 4 0 
0 0 0 14 2 0 0 75 0 0 0 5 0 
0 0 0 15 2 0 0 80 0 8 0 11 0 
0 0 0 16 0 0 0 85 0 15 0 9 0 
0 0 0 17 0 0 0 90 0 11 0 0 0 
0 0 0 18 1 0 0 95 0 11 0 4 0 
0 0 0 19 0 0 0 100 0 14 0 12 0 
0 0 0 20 0 0 0 105 0 4 0 14 0 
0 0 0 21 0 0 0 110 0 13 0 4 0 
0 0 0 22 2 0 0 115 0 19 0 2 0 
0 0 0 23 0 0 0 120 0 2 0 3 0 
0 0 0 24 2 0 0 125 0 3 0 3 0 
0 0 0 25 2 0 0 130 0 7 0 12 0 
0 0 0 26 2 0 0 135 0 6 0 7 0 
0 0 0 27 1 0 0 140 0 2 0 12 0 
0 0 0 28 2 0 0 145 0 0 0 4 0 
0 0 0 29 2 0 0 150 0 17 0 5 0 
0 0 0 0 0 0 0 0 0 0 0 0 0 0 0 0 0 0 0 0 0 0 0 0 0 0 0 0 0 0 
1 0 0 0 0 0 0 0 0 0 0 0 0 0 0 0 0 0 0 0 0 0 0 0 0 0 0 0 0 0 
2 0 0 0 0 0 0 0 0 0 0 0 0 0 0 0 0 0 0 0 0 0 0 0 0 0 0 0 0 0 
0 0 0 0 0 0 0 0 0 0 0 0 0 0 0 0 0 0 0 0 0 0 0 0 0 0 0 0 0 0 
1 0 1 0 8295 
1 2 1 0 2 0 0 5 1 19 0 6 0 
0 2 1 1 2 0 0 19 1 17 0 14 0 
1 2 1 2 0 0 0 15 1 2 0 12 0 
0 1 0 3 2 85 0 20 1 5 0 14 0 
0 0 0 4 0 219 0 25 1 6 0 1 0 
0 0 0 5 0 0 0 30 0 3 0 3 0 
0 0 0 6 2 0 0 35 0 15 0 10 0 
0 0 0 7 0 0 0 40 0 2 0 7 0 
0 0 0 8 0 0 0 45 0 17 0 10 0 
0 0 0 9 0 0 0 50 0 15 0 11 0 
0 0 0 10 1 0 0 55 0 21 0 4 0 
0 0 0 11 2 0 0 60 0 16 0 9 0 
0 0 0 12 1 0 0 65 0 18 0 1 0 
0 0 0 13 1 0 0 70 0 9 0 4 0 
0 0 0 14 2 0 0 75 0 0 0 5 0 
0 0 0 15 2 0 0 80 0 8 0 11 0 
0 0 0 16 0 0 0 85 0 15 0 9 0 
0 0 0 17 0 0 0 90 0 11 0 0 0 
0 0 0 18 1 0 0 95 0 11 0 4 0 
0 0 0 19 0 0 0 100 0 14 0 12 0 
0 0 0 20 0 0 0 105 0 4 0 14 0 
0 0 0 21 0 0 0 110 0 13 0 4 0 
0 0 0 22 2 0 0 115 0 19 0 2 0 
0 0 0 23 0 0 0 120 0 2 0 3 0 
0 0 0 24 2 0 0 125 0 3 0 3 0 
0 0 0 25 2 0 0 130 0 7 0 12 0 
0 0 0 26 2 0 0 135 0 6 0 7 0 
0 0 0 27 1 0 0 140 0 2 0 12 0 
0 0 0 28 2 0 0 145 0 0 0 4 0 
0 0 0 29 2 0 0 150 0 17 0 5 0 
0 0 0 0 0 0 0 0 0 0 0 0 0 0 0 0 0 0 0 0 0 0 0 0 0 0 0 0 0 0 
1 0 0 0 0 0 0 0 0 0 0 0 0 0 0 0 0 0 0 0 0 0 0 0 0 0 0 0 0 0 
2 0 0 0 0 0 0 0 0 0 0 0 0 0 0 0 0 0 0 0 0 0 0 0 0 0 0 0 0 0 
0 0 0 0 0 0 0 0 0 0 0 0 0 0 0 0 0 0 0 0 0 0 0 0 0 0 0 0 0 0 
1 0 1 0 8015 
1 2 1 0 2 0 0 5 1 19 0 6 0 
0 2 1 1 2 0 0 19 1 17 0 14 0 
1 2 1 2 0 0 0 15 1 2 0 12 0 
0 2 1 3 2 0 0 20 1 5 0 14 0 
0 0 0 4 0 70 0 25 1 6 0 1 0 
0 0 0 5 0 90 0 30 1 3 0 3 0 
0 0 0 6 2 0 0 35 0 15 0 10 0 
0 0 0 7 0 0 0 40 0 2 0 7 0 
0 0 0 8 0 0 0 45 0 17 0 10 0 
0 0 0 9 0 0 0 50 0 15 0 11 0 
0 0 0 10 1 0 0 55 0 21 0 4 0 
0 0 0 11 2 0 0 60 0 16 0 9 0 
0 0 0 12 1 0 0 65 0 18 0 1 0 
0 0 0 13 1 0 0 70 0 9 0 4 0 
0 0 0 14 2 0 0 75 0 0 0 5 0 
0 0 0 15 2 0 0 80 0 8 0 11 0 
0 0 0 16 0 0 0 85 0 15 0 9 0 
0 0 0 17 0 0 0 90 0 11 0 0 0 
0 0 0 18 1 0 0 95 0 11 0 4 0 
0 0 0 19 0 0 0 100 0 14 0 12 0 
0 0 0 20 0 0 0 105 0 4 0 14 0 
0 0 0 21 0 0 0 110 0 13 0 4 0 
0 0 0 22 2 0 0 115 0 19 0 2 0 
0 0 0 23 0 0 0 120 0 2 0 3 0 
0 0 0 24 2 0 0 125 0 3 0 3 0 
0 0 0 25 2 0 0 130 0 7 0 12 0 
0 0 0 26 2 0 0 135 0 6 0 7 0 
0 0 0 27 1 0 0 140 0 2 0 12 0 
0 0 0 28 2 0 0 145 0 0 0 4 0 
0 0 0 29 2 0 0 150 0 17 0 5 0 
0 0 0 0 0 0 0 0 0 0 0 0 0 0 0 0 0 0 0 0 0 0 0 0 0 0 0 0 0 0 
1 0 0 0 0 0 0 0 0 0 0 0 0 0 0 0 0 0 0 0 0 0 0 0 0 0 0 0 0 0 
2 0 0 0 0 0 0 0 0 0 0 0 0 0 0 0 0 0 0 0 0 0 0 0 0 0 0 0 0 0 
0 0 0 0 0 0 0 0 0 0 0 0 0 0 0 0 0 0 0 0 0 0 0 0 0 0 0 0 0 0 
1 0 1 0 7907 
1 2 1 0 2 0 0 5 1 19 0 6 0 
0 0 0 1 2 0 0 29 0 11 222 11 310 
1 2 1 2 0 0 0 15 1 2 0 12 0 
1 2 1 3 2 0 0 20 1 5 0 14 0 
1 2 1 4 0 0 0 25 1 6 0 1 0 
0 0 0 5 0 4 0 30 1 3 0 3 0 
0 0 0 6 2 86 0 35 1 15 0 10 0 
0 0 0 7 0 0 0 40 0 2 0 7 0 
0 0 0 8 0 0 0 45 0 17 0 10 0 
0 0 0 9 0 0 0 50 0 15 0 11 0 
0 0 0 10 1 0 0 55 0 21 0 4 0 
0 0 0 11 2 0 0 60 0 16 0 9 0 
0 0 0 12 1 0 0 65 0 18 0 1 0 
0 0 0 13 1 0 0 70 0 9 0 4 0 
0 0 0 14 2 0 0 75 0 0 0 5 0 
0 0 0 15 2 0 0 80 0 8 0 11 0 
0 0 0 16 0 0 0 85 0 15 0 9 0 
0 0 0 17 0 0 0 90 0 11 0 0 0 
0 0 0 18 1 0 0 95 0 11 0 4 0 
0 0 0 19 0 0 0 100 0 14 0 12 0 
0 0 0 20 0 0 0 105 0 4 0 14 0 
0 0 0 21 0 0 0 110 0 13 0 4 0 
0 0 0 22 2 0 0 115 0 19 0 2 0 
0 0 0 23 0 0 0 120 0 2 0 3 0 
0 0 0 24 2 0 0 125 0 3 0 3 0 
0 0 0 25 2 0 0 130 0 7 0 12 0 
0 0 0 26 2 0 0 135 0 6 0 7 0 
0 0 0 27 1 0 0 140 0 2 0 12 0 
0 0 0 28 2 0 0 145 0 0 0 4 0 
0 0 0 29 2 0 0 150 0 17 0 5 0 
0 1 0 0 0 0 0 0 0 0 0 0 0 0 0 0 0 0 0 0 0 0 0 0 0 0 0 0 0 0 
1 0 0 0 0 0 0 0 0 0 0 0 0 0 0 0 0 0 0 0 0 0 0 0 0 0 0 0 0 0 
2 3 0 0 0 0 0 0 0 0 0 0 0 0 0 0 0 0 0 0 0 0 0 0 0 0 0 0 0 0 
4 0 0 0 0 0 0 0 0 0 0 0 0 0 0 0 0 0 0 0 0 0 0 0 0 0 0 0 0 0 
1 0 2 1 7288 
1 2 1 0 2 0 0 5 1 19 0 6 0 
0 0 0 1 2 39 0 29 1 11 222 11 310 
1 2 1 2 0 0 0 15 1 2 0 12 0 
0 0 0 3 2 0 0 31 0 21 0 13 0 
1 2 1 4 0 0 0 25 1 6 0 1 0 
0 0 0 5 0 44 0 30 1 3 0 3 0 
0 0 0 6 2 126 0 35 1 15 0 10 0 
0 0 0 7 0 0 0 40 0 2 0 7 0 
0 0 0 8 0 0 0 45 0 17 0 10 0 
0 0 0 9 0 0 0 50 0 15 0 11 0 
0 0 0 10 1 0 0 55 0 21 0 4 0 
0 0 0 11 2 0 0 60 0 16 0 9 0 
0 0 0 12 1 0 0 65 0 18 0 1 0 
0 0 0 13 1 0 0 70 0 9 0 4 0 
0 0 0 14 2 0 0 75 0 0 0 5 0 
0 0 0 15 2 0 0 80 0 8 0 11 0 
0 0 0 16 0 0 0 85 0 15 0 9 0 
0 0 0 17 0 0 0 90 0 11 0 0 0 
0 0 0 18 1 0 0 95 0 11 0 4 0 
0 0 0 19 0 0 0 100 0 14 0 12 0 
0 0 0 20 0 0 0 105 0 4 0 14 0 
0 0 0 21 0 0 0 110 0 13 0 4 0 
0 0 0 22 2 0 0 115 0 19 0 2 0 
0 0 0 23 0 0 0 120 0 2 0 3 0 
0 0 0 24 2 0 0 125 0 3 0 3 0 
0 0 0 25 2 0 0 130 0 7 0 12 0 
0 0 0 26 2 0 0 135 0 6 0 7 0 
0 0 0 27 1 0 0 140 0 2 0 12 0 
0 0 0 28 2 0 0 145 0 0 0 4 0 
0 0 0 29 2 0 0 150 0 17 0 5 0 
0 1 0 0 0 0 0 0 0 0 0 0 0 0 0 0 0 0 0 0 0 0 0 0 0 0 0 0 0 0 
1 0 0 0 0 0 0 0 0 0 0 0 0 0 0 0 0 0 0 0 0 0 0 0 0 0 0 0 0 0 
2 3 0 0 0 0 0 0 0 0 0 0 0 0 0 0 0 0 0 0 0 0 0 0 0 0 0 0 0 0 
4 0 0 0 0 0 0 0 0 0 0 0 0 0 0 0 0 0 0 0 0 0 0 0 0 0 0 0 0 0 
1 0 1 1 7246 
1 2 1 0 2 0 0 5 1 19 0 6 0 
0 0 0 1 2 0 0 46 0 10 222 16 310 
1 2 1 2 0 0 0 15 1 2 0 12 0 
1 2 1 3 2 0 0 31 1 21 0 13 0 
1 2 1 4 0 0 0 25 1 6 0 1 0 
1 2 1 5 0 0 0 30 1 3 0 3 0 
0 2 1 6 2 0 0 35 1 15 0 10 0 
1 2 1 7 0 0 0 40 1 2 0 7 0 
0 1 0 8 0 33 0 45 1 17 0 10 0 
0 0 0 9 0 167 0 50 1 15 0 11 0 
0 0 0 10 1 0 0 55 0 21 0 4 0 
0 0 0 11 2 0 0 60 0 16 0 9 0 
0 0 0 12 1 0 0 65 0 18 0 1 0 
0 0 0 13 1 0 0 70 0 9 0 4 0 
0 0 0 14 2 0 0 75 0 0 0 5 0 
0 0 0 15 2 0 0 80 0 8 0 11 0 
0 0 0 16 0 0 0 85 0 15 0 9 0 
0 0 0 17 0 0 0 90 0 11 0 0 0 
0 0 0 18 1 0 0 95 0 11 0 4 0 
0 0 0 19 0 0 0 100 0 14 0 12 0 
0 0 0 20 0 0 0 105 0 4 0 14 0 
0 0 0 21 0 0 0 110 0 13 0 4 0 
0 0 0 22 2 0 0 115 0 19 0 2 0 
0 0 0 23 0 0 0 120 0 2 0 3 0 
0 0 0 24 2 0 0 125 0 3 0 3 0 
0 0 0 25 2 0 0 130 0 7 0 12 0 
0 0 0 26 2 0 0 135 0 6 0 7 0 
0 0 0 27 1 0 0 140 0 2 0 12 0 
0 0 0 28 2 0 0 145 0 0 0 4 0 
0 0 0 29 2 0 0 150 0 17 0 5 0 
0 1 0 0 0 0 0 0 0 0 0 0 0 0 0 0 0 0 0 0 0 0 0 0 0 0 0 0 0 0 
1 0 0 0 0 0 0 0 0 0 0 0 0 0 0 0 0 0 0 0 0 0 0 0 0 0 0 0 0 0 
2 3 0 0 0 0 0 0 0 0 0 0 0 0 0 0 0 0 0 0 0 0 0 0 0 0 0 0 0 0 
4 5 7 0 0 0 0 0 0 0 0 0 0 0 0 0 0 0 0 0 0 0 0 0 0 0 0 0 0 0 
1 0 2 3 5567 
0 0 0 0 2 0 0 48 0 16 0 16 0 
0 2 1 1 2 0 0 46 1 10 222 16 310 
1 2 1 2 0 0 0 15 1 2 0 12 0 
1 2 1 3 2 0 0 31 1 21 0 13 0 
1 2 1 4 0 0 0 25 1 6 0 1 0 
1 2 1 5 0 0 0 30 1 3 0 3 0 
0 2 1 6 2 0 0 35 1 15 0 10 0 
1 2 1 7 0 0 0 40 1 2 0 7 0 
0 2 1 8 0 0 0 45 1 17 0 10 0 
0 0 0 9 0 101 0 50 1 15 0 11 0 
0 0 0 10 1 123 0 55 1 21 0 4 0 
0 0 0 11 2 0 0 60 0 16 0 9 0 
0 0 0 12 1 0 0 65 0 18 0 1 0 
0 0 0 13 1 0 0 70 0 9 0 4 0 
0 0 0 14 2 0 0 75 0 0 0 5 0 
0 0 0 15 2 0 0 80 0 8 0 11 0 
0 0 0 16 0 0 0 85 0 15 0 9 0 
0 0 0 17 0 0 0 90 0 11 0 0 0 
0 0 0 18 1 0 0 95 0 11 0 4 0 
0 0 0 19 0 0 0 100 0 14 0 12 0 
0 0 0 20 0 0 0 105 0 4 0 14 0 
0 0 0 21 0 0 0 110 0 13 0 4 0 
0 0 0 22 2 0 0 115 0 19 0 2 0 
0 0 0 23 0 0 0 120 0 2 0 3 0 
0 0 0 24 2 0 0 125 0 3 0 3 0 
0 0 0 25 2 0 0 130 0 7 0 12 0 
0 0 0 26 2 0 0 135 0 6 0 7 0 
0 0 0 27 1 0 0 140 0 2 0 12 0 
0 0 0 28 2 0 0 145 0 0 0 4 0 
0 0 0 29 2 0 0 150 0 17 0 5 0 
0 1 0 0 0 0 0 0 0 0 0 0 0 0 0 0 0 0 0 0 0 0 0 0 0 0 0 0 0 0 
1 0 0 0 0 0 0 0 0 0 0 0 0 0 0 0 0 0 0 0 0 0 0 0 0 0 0 0 0 0 
2 3 0 0 0 0 0 0 0 0 0 0 0 0 0 0 0 0 0 0 0 0 0 0 0 0 0 0 0 0 
4 5 7 0 0 0 0 0 0 0 0 0 0 0 0 0 0 0 0 0 0 0 0 0 0 0 0 0 0 0 
0 0 2 3 5374 
0 1 0 0 2 8 0 48 1 16 0 16 0 
0 2 1 1 2 0 0 46 1 10 222 16 310 
1 2 1 2 0 0 0 15 1 2 0 12 0 
0 0 0 3 2 0 0 49 0 5 0 6 0 
1 2 1 4 0 0 0 25 1 6 0 1 0 
1 2 1 5 0 0 0 30 1 3 0 3 0 
0 2 1 6 2 0 0 35 1 15 0 10 0 
1 2 1 7 0 0 0 40 1 2 0 7 0 
0 2 1 8 0 0 0 45 1 17 0 10 0 
0 0 0 9 0 181 0 50 1 15 0 11 0 
0 0 0 10 1 203 0 55 1 21 0 4 0 
0 0 0 11 2 0 0 60 0 16 0 9 0 
0 0 0 12 1 0 0 65 0 18 0 1 0 
0 0 0 13 1 0 0 70 0 9 0 4 0 
0 0 0 14 2 0 0 75 0 0 0 5 0 
0 0 0 15 2 0 0 80 0 8 0 11 0 
0 0 0 16 0 0 0 85 0 15 0 9 0 
0 0 0 17 0 0 0 90 0 11 0 0 0 
0 0 0 18 1 0 0 95 0 11 0 4 0 
0 0 0 19 0 0 0 100 0 14 0 12 0 
0 0 0 20 0 0 0 105 0 4 0 14 0 
0 0 0 21 0 0 0 110 0 13 0 4 0 
0 0 0 22 2 0 0 115 0 19 0 2 0 
0 0 0 23 0 0 0 120 0 2 0 3 0 
0 0 0 24 2 0 0 125 0 3 0 3 0 
0 0 0 25 2 0 0 130 0 7 0 12 0 
0 0 0 26 2 0 0 135 0 6 0 7 0 
0 0 0 27 1 0 0 140 0 2 0 12 0 
0 0 0 28 2 0 0 145 0 0 0 4 0 
0 0 0 29 2 0 0 150 0 17 0 5 0 
0 1 0 0 0 0 0 0 0 0 0 0 0 0 0 0 0 0 0 0 0 0 0 0 0 0 0 0 0 0 
1 0 0 0 0 0 0 0 0 0 0 0 0 0 0 0 0 0 0 0 0 0 0 0 0 0 0 0 0 0 
2 3 0 0 0 0 0 0 0 0 0 0 0 0 0 0 0 0 0 0 0 0 0 0 0 0 0 0 0 0 
4 5 7 0 0 0 0 0 0 0 0 0 0 0 0 0 0 0 0 0 0 0 0 0 0 0 0 0 0 0 
0 0 1 3 5292 
0 2 1 0 2 0 0 48 1 16 0 16 0 
0 0 0 1 2 0 0 53 0 18 222 10 310 
1 2 1 2 0 0 0 15 1 2 0 12 0 
1 2 1 3 2 0 0 49 1 5 0 6 0 
1 2 1 4 0 0 0 25 1 6 0 1 0 
1 2 1 5 0 0 0 30 1 3 0 3 0 
1 2 1 6 2 0 0 35 1 15 0 10 0 
1 2 1 7 0 0 0 40 1 2 0 7 0 
1 2 1 8 0 0 0 45 1 17 0 10 0 
1 2 1 9 0 0 0 50 1 15 0 11 0 
0 0 0 10 1 109 0 55 1 21 0 4 0 
0 0 0 11 2 129 0 60 1 16 0 9 0 
0 0 0 12 1 0 0 65 0 18 0 1 0 
0 0 0 13 1 0 0 70 0 9 0 4 0 
0 0 0 14 2 0 0 75 0 0 0 5 0 
0 0 0 15 2 0 0 80 0 8 0 11 0 
0 0 0 16 0 0 0 85 0 15 0 9 0 
0 0 0 17 0 0 0 90 0 11 0 0 0 
0 0 0 18 1 0 0 95 0 11 0 4 0 
0 0 0 19 0 0 0 100 0 14 0 12 0 
0 0 0 20 0 0 0 105 0 4 0 14 0 
0 0 0 21 0 0 0 110 0 13 0 4 0 
0 0 0 22 2 0 0 115 0 19 0 2 0 
0 0 0 23 0 0 0 120 0 2 0 3 0 
0 0 0 24 2 0 0 125 0 3 0 3 0 
0 0 0 25 2 0 0 130 0 7 0 12 0 
0 0 0 26 2 0 0 135 0 6 0 7 0 
0 0 0 27 1 0 0 140 0 2 0 12 0 
0 0 0 28 2 0 0 145 0 0 0 4 0 
0 0 0 29 2 0 0 150 0 17 0 5 0 
1 1 0 0 0 0 0 0 0 0 0 0 0 0 0 0 0 0 0 0 0 0 0 0 0 0 0 0 0 0 
3 0 0 0 0 0 0 0 0 0 0 0 0 0 0 0 0 0 0 0 0 0 0 0 0 0 0 0 0 0 
2 3 0 0 0 0 0 0 0 0 0 0 0 0 0 0 0 0 0 0 0 0 0 0 0 0 0 0 0 0 
4 5 7 6 8 9 0 0 0 0 0 0 0 0 0 0 0 0 0 0 0 0 0 0 0 0 0 0 0 0 
0 1 1 6 4866 
1 2 1 0 2 0 0 48 1 16 0 16 0 
1 2 1 1 2 0 0 53 1 18 222 10 310 
1 2 1 2 0 0 0 15 1 2 0 12 0 
1 2 1 3 2 0 0 49 1 5 0 6 0 
1 2 1 4 0 0 0 25 1 6 0 1 0 
1 2 1 5 0 0 0 30 1 3 0 3 0 
1 2 1 6 2 0 0 35 1 15 0 10 0 
1 2 1 7 0 0 0 40 1 2 0 7 0 
1 2 1 8 0 0 0 45 1 17 0 10 0 
1 2 1 9 0 0 0 50 1 15 0 11 0 
0 2 1 10 1 0 0 55 1 21 0 4 0 
0 0 0 11 2 186 0 60 1 16 0 9 0 
0 0 0 12 1 208 0 65 1 18 0 1 0 
0 0 0 13 1 0 0 70 0 9 0 4 0 
0 0 0 14 2 0 0 75 0 0 0 5 0 
0 0 0 15 2 0 0 80 0 8 0 11 0 
0 0 0 16 0 0 0 85 0 15 0 9 0 
0 0 0 17 0 0 0 90 0 11 0 0 0 
0 0 0 18 1 0 0 95 0 11 0 4 0 
0 0 0 19 0 0 0 100 0 14 0 12 0 
0 0 0 20 0 0 0 105 0 4 0 14 0 
0 0 0 21 0 0 0 110 0 13 0 4 0 
0 0 0 22 2 0 0 115 0 19 0 2 0 
0 0 0 23 0 0 0 120 0 2 0 3 0 
0 0 0 24 2 0 0 125 0 3 0 3 0 
0 0 0 25 2 0 0 130 0 7 0 12 0 
0 0 0 26 2 0 0 135 0 6 0 7 0 
0 0 0 27 1 0 0 140 0 2 0 12 0 
0 0 0 28 2 0 0 145 0 0 0 4 0 
0 0 0 29 2 0 0 150 0 17 0 5 0 
1 1 0 0 0 0 0 0 0 0 0 0 0 0 0 0 0 0 0 0 0 0 0 0 0 0 0 0 0 0 
3 0 0 0 0 0 0 0 0 0 0 0 0 0 0 0 0 0 0 0 0 0 0 0 0 0 0 0 0 0 
2 3 0 0 0 0 0 0 0 0 0 0 0 0 0 0 0 0 0 0 0 0 0 0 0 0 0 0 0 0 
4 5 7 6 8 9 1 0 0 0 0 0 0 0 0 0 0 0 0 0 0 0 0 0 0 0 0 0 0 0 
0 2 1 7 4287 
1 2 1 0 2 0 0 48 1 16 0 16 0 
1 2 1 1 2 0 0 53 1 18 222 10 310 
1 2 1 2 0 0 0 15 1 2 0 12 0 
0 0 0 3 2 0 0 59 0 21 0 13 0 
1 2 1 4 0 0 0 25 1 6 0 1 0 
1 2 1 5 0 0 0 30 1 3 0 3 0 
1 2 1 6 2 0 0 35 1 15 0 10 0 
1 2 1 7 0 0 0 40 1 2 0 7 0 
1 2 1 8 0 0 0 45 1 17 0 10 0 
1 2 1 9 0 0 0 50 1 15 0 11 0 
0 2 1 10 1 0 0 55 1 21 0 4 0 
0 0 0 11 2 216 0 60 1 16 0 9 0 
0 0 0 12 1 238 0 65 1 18 0 1 0 
0 0 0 13 1 0 0 70 0 9 0 4 0 
0 0 0 14 2 0 0 75 0 0 0 5 0 
0 0 0 15 2 0 0 80 0 8 0 11 0 
0 0 0 16 0 0 0 85 0 15 0 9 0 
0 0 0 17 0 0 0 90 0 11 0 0 0 
0 0 0 18 1 0 0 95 0 11 0 4 0 
0 0 0 19 0 0 0 100 0 14 0 12 0 
0 0 0 20 0 0 0 105 0 4 0 14 0 
0 0 0 21 0 0 0 110 0 13 0 4 0 
0 0 0 22 2 0 0 115 0 19 0 2 0 
0 0 0 23 0 0 0 120 0 2 0 3 0 
0 0 0 24 2 0 0 125 0 3 0 3 0 
0 0 0 25 2 0 0 130 0 7 0 12 0 
0 0 0 26 2 0 0 135 0 6 0 7 0 
0 0 0 27 1 0 0 140 0 2 0 12 0 
0 0 0 28 2 0 0 145 0 0 0 4 0 
0 0 0 29 2 0 0 150 0 17 0 5 0 
1 1 0 0 0 0 0 0 0 0 0 0 0 0 0 0 0 0 0 0 0 0 0 0 0 0 0 0 0 0 
0 0 0 0 0 0 0 0 0 0 0 0 0 0 0 0 0 0 0 0 0 0 0 0 0 0 0 0 0 0 
2 3 0 0 0 0 0 0 0 0 0 0 0 0 0 0 0 0 0 0 0 0 0 0 0 0 0 0 0 0 
4 5 7 6 8 9 1 0 0 0 0 0 0 0 0 0 0 0 0 0 0 0 0 0 0 0 0 0 0 0 
0 1 1 7 4255 
1 2 1 0 2 0 0 48 1 16 0 16 0 
1 2 1 1 2 0 0 53 1 18 222 10 310 
0 0 0 2 0 0 0 62 0 10 0 2 0 
0 2 1 3 2 0 0 59 1 21 0 13 0 
1 2 1 4 0 0 0 25 1 6 0 1 0 
1 2 1 5 0 0 0 30 1 3 0 3 0 
1 2 1 6 2 0 0 35 1 15 0 10 0 
1 2 1 7 0 0 0 40 1 2 0 7 0 
1 2 1 8 0 0 0 45 1 17 0 10 0 
1 2 1 9 0 0 0 50 1 15 0 11 0 
0 2 1 10 1 0 0 55 1 21 0 4 0 
0 2 1 11 2 0 0 60 1 16 0 9 0 
0 0 0 12 1 246 0 65 1 18 0 1 0 
0 0 0 13 1 13 0 70 1 9 0 4 0 
0 0 0 14 2 0 0 75 0 0 0 5 0 
0 0 0 15 2 0 0 80 0 8 0 11 0 
0 0 0 16 0 0 0 85 0 15 0 9 0 
0 0 0 17 0 0 0 90 0 11 0 0 0 
0 0 0 18 1 0 0 95 0 11 0 4 0 
0 0 0 19 0 0 0 100 0 14 0 12 0 
0 0 0 20 0 0 0 105 0 4 0 14 0 
0 0 0 21 0 0 0 110 0 13 0 4 0 
0 0 0 22 2 0 0 115 0 19 0 2 0 
0 0 0 23 0 0 0 120 0 2 0 3 0 
0 0 0 24 2 0 0 125 0 3 0 3 0 
0 0 0 25 2 0 0 130 0 7 0 12 0 
0 0 0 26 2 0 0 135 0 6 0 7 0 
0 0 0 27 1 0 0 140 0 2 0 12 0 
0 0 0 28 2 0 0 145 0 0 0 4 0 
0 0 0 29 2 0 0 150 0 17 0 5 0 
1 1 0 0 0 0 0 0 0 0 0 0 0 0 0 0 0 0 0 0 0 0 0 0 0 0 0 0 0 0 
0 0 0 0 0 0 0 0 0 0 0 0 0 0 0 0 0 0 0 0 0 0 0 0 0 0 0 0 0 0 
2 3 0 0 0 0 0 0 0 0 0 0 0 0 0 0 0 0 0 0 0 0 0 0 0 0 0 0 0 0 
4 5 7 6 8 9 1 0 0 0 0 0 0 0 0 0 0 0 0 0 0 0 0 0 0 0 0 0 0 0 
0 1 0 7 3986 
0 0 0 0 2 0 0 67 0 6 0 9 0 
1 2 1 1 2 0 0 53 1 18 222 10 310 
0 2 1 2 0 0 0 62 1 10 0 2 0 
0 2 1 3 2 0 0 59 1 21 0 13 0 
1 2 1 4 0 0 0 25 1 6 0 1 0 
1 2 1 5 0 0 0 30 1 3 0 3 0 
1 2 1 6 2 0 0 35 1 15 0 10 0 
1 2 1 7 0 0 0 40 1 2 0 7 0 
1 2 1 8 0 0 0 45 1 17 0 10 0 
1 2 1 9 0 0 0 50 1 15 0 11 0 
1 2 1 10 1 0 0 55 1 21 0 4 0 
0 2 1 11 2 0 0 60 1 16 0 9 0 
0 2 1 12 1 0 0 65 1 18 0 1 0 
0 0 0 13 1 184 0 70 1 9 0 4 0 
0 0 0 14 2 70 0 75 1 0 0 5 0 
0 0 0 15 2 0 0 80 0 8 0 11 0 
0 0 0 16 0 0 0 85 0 15 0 9 0 
0 0 0 17 0 0 0 90 0 11 0 0 0 
0 0 0 18 1 0 0 95 0 11 0 4 0 
0 0 0 19 0 0 0 100 0 14 0 12 0 
0 0 0 20 0 0 0 105 0 4 0 14 0 
0 0 0 21 0 0 0 110 0 13 0 4 0 
0 0 0 22 2 0 0 115 0 19 0 2 0 
0 0 0 23 0 0 0 120 0 2 0 3 0 
0 0 0 24 2 0 0 125 0 3 0 3 0 
0 0 0 25 2 0 0 130 0 7 0 12 0 
0 0 0 26 2 0 0 135 0 6 0 7 0 
0 0 0 27 1 0 0 140 0 2 0 12 0 
0 0 0 28 2 0 0 145 0 0 0 4 0 
0 0 0 29 2 0 0 150 0 17 0 5 0 
1 1 0 0 0 0 0 0 0 0 0 0 0 0 0 0 0 0 0 0 0 0 0 0 0 0 0 0 0 0 
0 0 0 0 0 0 0 0 0 0 0 0 0 0 0 0 0 0 0 0 0 0 0 0 0 0 0 0 0 0 
2 3 0 0 0 0 0 0 0 0 0 0 0 0 0 0 0 0 0 0 0 0 0 0 0 0 0 0 0 0 
4 5 7 6 8 9 1 10 0 0 0 0 0 0 0 0 0 0 0 0 0 0 0 0 0 0 0 0 0 0 
0 0 0 8 3427 
0 2 1 0 2 0 0 67 1 6 0 9 0 
1 2 1 1 2 0 0 53 1 18 222 10 310 
1 2 1 2 0 0 0 62 1 10 0 2 0 
0 2 1 3 2 0 0 59 1 21 0 13 0 
1 2 1 4 0 0 0 25 1 6 0 1 0 
1 2 1 5 0 0 0 30 1 3 0 3 0 
0 0 0 6 2 0 0 71 0 18 0 1 0 
0 0 0 7 0 0 0 69 0 5 0 1 0 
1 2 1 8 0 0 0 45 1 17 0 10 0 
0 0 0 9 0 0 0 72 0 14 0 15 0 
0 0 0 10 1 0 0 73 0 16 0 4 0 
0 2 1 11 2 0 0 60 1 16 0 9 0 
0 2 1 12 1 0 0 65 1 18 0 1 0 
0 0 0 13 1 107 0 70 1 9 0 4 0 
0 0 0 14 2 248 0 75 1 0 0 5 0 
0 0 0 15 2 0 0 80 0 8 0 11 0 
0 0 0 16 0 0 0 85 0 15 0 9 0 
0 0 0 17 0 0 0 90 0 11 0 0 0 
0 0 0 18 1 0 0 95 0 11 0 4 0 
0 0 0 19 0 0 0 100 0 14 0 12 0 
0 0 0 20 0 0 0 105 0 4 0 14 0 
0 0 0 21 0 0 0 110 0 13 0 4 0 
0 0 0 22 2 0 0 115 0 19 0 2 0 
0 0 0 23 0 0 0 120 0 2 0 3 0 
0 0 0 24 2 0 0 125 0 3 0 3 0 
0 0 0 25 2 0 0 130 0 7 0 12 0 
0 0 0 26 2 0 0 135 0 6 0 7 0 
0 0 0 27 1 0 0 140 0 2 0 12 0 
0 0 0 28 2 0 0 145 0 0 0 4 0 
0 0 0 29 2 0 0 150 0 17 0 5 0 
2 1 0 0 0 0 0 0 0 0 0 0 0 0 0 0 0 0 0 0 0 0 0 0 0 0 0 0 0 0 
0 0 0 0 0 0 0 0 0 0 0 0 0 0 0 0 0 0 0 0 0 0 0 0 0 0 0 0 0 0 
2 3 0 0 0 0 0 0 0 0 0 0 0 0 0 0 0 0 0 0 0 0 0 0 0 0 0 0 0 0 
4 5 8 1 8 9 1 10 0 0 0 0 0 0 0 0 0 0 0 0 0 0 0 0 0 0 0 0 0 0 
1 0 0 4 3245 
1 2 1 0 2 0 0 67 1 6 0 9 0 
1 2 1 1 2 0 0 53 1 18 222 10 310 
1 2 1 2 0 0 0 62 1 10 0 2 0 
0 2 1 3 2 0 0 59 1 21 0 13 0 
1 2 1 4 0 0 0 25 1 6 0 1 0 
1 2 1 5 0 0 0 30 1 3 0 3 0 
0 1 0 6 2 91 0 71 1 18 0 1 0 
0 2 1 7 0 0 0 69 1 5 0 1 0 
1 2 1 8 0 0 0 45 1 17 0 10 0 
0 0 0 9 0 74 0 72 1 14 0 15 0 
0 0 0 10 1 74 0 73 1 16 0 4 0 
0 2 1 11 2 0 0 60 1 16 0 9 0 
1 2 1 12 1 0 0 65 1 18 0 1 0 
0 2 1 13 1 0 0 70 1 9 0 4 0 
0 0 0 14 2 68 0 75 1 0 0 5 0 
0 0 0 15 2 88 0 80 1 8 0 11 0 
0 0 0 16 0 0 0 85 0 15 0 9 0 
0 0 0 17 0 0 0 90 0 11 0 0 0 
0 0 0 18 1 0 0 95 0 11 0 4 0 
0 0 0 19 0 0 0 100 0 14 0 12 0 
0 0 0 20 0 0 0 105 0 4 0 14 0 
0 0 0 21 0 0 0 110 0 13 0 4 0 
0 0 0 22 2 0 0 115 0 19 0 2 0 
0 0 0 23 0 0 0 120 0 2 0 3 0 
0 0 0 24 2 0 0 125 0 3 0 3 0 
0 0 0 25 2 0 0 130 0 7 0 12 0 
0 0 0 26 2 0 0 135 0 6 0 7 0 
0 0 0 27 1 0 0 140 0 2 0 12 0 
0 0 0 28 2 0 0 145 0 0 0 4 0 
0 0 0 29 2 0 0 150 0 17 0 5 0 
2 0 0 0 0 0 0 0 0 0 0 0 0 0 0 0 0 0 0 0 0 0 0 0 0 0 0 0 0 0 
0 0 0 0 0 0 0 0 0 0 0 0 0 0 0 0 0 0 0 0 0 0 0 0 0 0 0 0 0 0 
12 3 0 0 0 0 0 0 0 0 0 0 0 0 0 0 0 0 0 0 0 0 0 0 0 0 0 0 0 0 
4 5 8 1 8 9 1 10 0 0 0 0 0 0 0 0 0 0 0 0 0 0 0 0 0 0 0 0 0 0 
2 0 1 4 2909 
1 2 1 0 2 0 0 67 1 6 0 9 0 
0 0 0 1 2 0 0 76 0 16 222 6 310 
1 2 1 2 0 0 0 62 1 10 0 2 0 
0 2 1 3 2 0 0 59 1 21 0 13 0 
0 0 0 4 0 0 0 74 0 17 0 6 0 
1 2 1 5 0 0 0 30 1 3 0 3 0 
1 2 1 6 2 0 0 71 1 18 0 1 0 
0 2 1 7 0 0 0 69 1 5 0 1 0 
1 2 1 8 0 0 0 45 1 17 0 10 0 
0 1 0 9 0 43 0 72 1 14 0 15 0 
0 0 0 10 1 124 0 73 1 16 0 4 0 
0 2 1 11 2 0 0 60 1 16 0 9 0 
1 2 1 12 1 0 0 65 1 18 0 1 0 
0 2 1 13 1 0 0 70 1 9 0 4 0 
0 0 0 14 2 118 0 75 1 0 0 5 0 
0 0 0 15 2 138 0 80 1 8 0 11 0 
0 0 0 16 0 0 0 85 0 15 0 9 0 
0 0 0 17 0 0 0 90 0 11 0 0 0 
0 0 0 18 1 0 0 95 0 11 0 4 0 
0 0 0 19 0 0 0 100 0 14 0 12 0 
0 0 0 20 0 0 0 105 0 4 0 14 0 
0 0 0 21 0 0 0 110 0 13 0 4 0 
0 0 0 22 2 0 0 115 0 19 0 2 0 
0 0 0 23 0 0 0 120 0 2 0 3 0 
0 0 0 24 2 0 0 125 0 3 0 3 0 
0 0 0 25 2 0 0 130 0 7 0 12 0 
0 0 0 26 2 0 0 135 0 6 0 7 0 
0 0 0 27 1 0 0 140 0 2 0 12 0 
0 0 0 28 2 0 0 145 0 0 0 4 0 
0 0 0 29 2 0 0 150 0 17 0 5 0 
2 0 0 0 0 0 0 0 0 0 0 0 0 0 0 0 0 0 0 0 0 0 0 0 0 0 0 0 0 0 
0 0 0 0 0 0 0 0 0 0 0 0 0 0 0 0 0 0 0 0 0 0 0 0 0 0 0 0 0 0 
12 6 0 0 0 0 0 0 0 0 0 0 0 0 0 0 0 0 0 0 0 0 0 0 0 0 0 0 0 0 
5 8 8 1 8 9 1 10 0 0 0 0 0 0 0 0 0 0 0 0 0 0 0 0 0 0 0 0 0 0 
2 0 2 2 2857 
1 2 1 0 2 0 0 67 1 6 0 9 0 
1 2 1 1 2 0 0 76 1 16 222 6 310 
0 0 0 2 0 0 0 79 0 14 0 2 0 
0 0 0 3 2 0 0 81 0 17 114 0 197 
1 2 1 4 0 0 0 74 1 17 0 6 0 
1 2 1 5 0 0 0 30 1 3 0 3 0 
1 2 1 6 2 0 0 71 1 18 0 1 0 
0 0 0 7 0 0 0 82 0 20 114 14 197 
1 2 1 8 0 0 0 45 1 17 0 10 0 
1 2 1 9 0 0 0 72 1 2 114 6 197 
1 2 1 10 1 0 0 73 1 16 0 4 0 
0 0 0 11 2 0 0 83 0 10 114 3 197 
1 2 1 12 1 0 0 65 1 18 0 1 0 
1 2 1 13 1 0 0 70 1 2 114 6 197 
0 2 1 14 2 0 0 75 1 0 0 5 0 
0 0 0 15 2 37 0 80 1 8 0 11 0 
0 0 0 16 0 119 0 85 1 15 0 9 0 
0 0 0 17 0 0 0 90 0 11 0 0 0 
0 0 0 18 1 0 0 95 0 11 0 4 0 
0 0 0 19 0 0 0 100 0 14 0 12 0 
0 0 0 20 0 0 0 105 0 4 0 14 0 
0 0 0 21 0 0 0 110 0 13 0 4 0 
0 0 0 22 2 0 0 115 0 19 0 2 0 
0 0 0 23 0 0 0 120 0 2 0 3 0 
0 0 0 24 2 0 0 125 0 3 0 3 0 
0 0 0 25 2 0 0 130 0 7 0 12 0 
0 0 0 26 2 0 0 135 0 6 0 7 0 
0 0 0 27 1 0 0 140 0 2 0 12 0 
0 0 0 28 2 0 0 145 0 0 0 4 0 
0 0 0 29 2 0 0 150 0 17 0 5 0 
0 9 13 7 9 11 13 0 0 0 0 0 0 0 0 0 0 0 0 0 0 0 0 0 0 0 0 0 0 0 
0 0 0 0 0 0 0 0 0 0 0 0 0 0 0 0 0 0 0 0 0 0 0 0 0 0 0 0 0 0 
12 6 10 4 1 0 0 0 0 0 0 0 0 0 0 0 0 0 0 0 0 0 0 0 0 0 0 0 0 0 
5 8 8 1 8 9 1 10 0 0 0 0 0 0 0 0 0 0 0 0 0 0 0 0 0 0 0 0 0 0 
3 0 5 2 2253 
1 2 1 0 2 0 0 67 1 6 0 9 0 
0 0 0 1 2 0 0 87 0 15 222 15 310 
1 2 1 2 0 0 0 79 1 14 0 2 0 
0 2 1 3 2 0 0 81 1 17 114 0 197 
1 2 1 4 0 0 0 74 1 17 0 6 0 
1 2 1 5 0 0 0 30 1 3 0 3 0 
0 0 0 6 2 0 0 84 0 3 0 1 0 
0 1 0 7 0 55 0 82 1 20 114 14 197 
1 2 1 8 0 0 0 45 1 17 0 10 0 
1 2 1 9 0 0 0 72 1 2 114 6 197 
0 0 0 10 1 0 0 86 0 17 0 11 0 
0 0 0 11 2 144 0 83 1 10 114 3 197 
1 2 1 12 1 0 0 65 1 18 0 1 0 
1 2 1 13 1 0 0 70 1 2 114 6 197 
1 2 1 14 2 0 0 75 1 0 0 5 0 
1 2 1 15 2 0 0 80 1 8 0 11 0 
0 0 0 16 0 9 0 85 1 15 0 9 0 
0 0 0 17 0 152 0 90 1 11 0 0 0 
0 0 0 18 1 0 0 95 0 11 0 4 0 
0 0 0 19 0 0 0 100 0 14 0 12 0 
0 0 0 20 0 0 0 105 0 4 0 14 0 
0 0 0 21 0 0 0 110 0 13 0 4 0 
0 0 0 22 2 0 0 115 0 19 0 2 0 
0 0 0 23 0 0 0 120 0 2 0 3 0 
0 0 0 24 2 0 0 125 0 3 0 3 0 
0 0 0 25 2 0 0 130 0 7 0 12 0 
0 0 0 26 2 0 0 135 0 6 0 7 0 
0 0 0 27 1 0 0 140 0 2 0 12 0 
0 0 0 28 2 0 0 145 0 0 0 4 0 
0 0 0 29 2 0 0 150 0 17 0 5 0 
0 9 13 7 9 11 13 0 0 0 0 0 0 0 0 0 0 0 0 0 0 0 0 0 0 0 0 0 0 0 
15 0 0 0 0 0 0 0 0 0 0 0 0 0 0 0 0 0 0 0 0 0 0 0 0 0 0 0 0 0 
12 4 10 4 1 0 0 0 0 0 0 0 0 0 0 0 0 0 0 0 0 0 0 0 0 0 0 0 0 0 
5 8 14 2 8 9 1 10 0 0 0 0 0 0 0 0 0 0 0 0 0 0 0 0 0 0 0 0 0 0 
3 1 2 4 1845 
0 0 0 0 2 0 0 88 0 19 0 6 0 
0 0 0 1 2 126 0 87 1 15 222 15 310 
1 2 1 2 0 0 0 79 1 14 0 2 0 
0 2 1 3 2 0 0 81 1 17 114 0 197 
1 2 1 4 0 0 0 74 1 17 0 6 0 
1 2 1 5 0 0 0 30 1 3 0 3 0 
0 0 0 6 2 126 0 84 1 3 0 1 0 
0 2 1 7 0 0 0 82 1 20 114 14 197 
1 2 1 8 0 0 0 45 1 17 0 10 0 
1 2 1 9 0 0 0 72 1 2 114 6 197 
0 0 0 10 1 126 0 86 1 17 0 11 0 
0 1 0 11 2 86 0 83 1 10 114 3 197 
1 2 1 12 1 0 0 65 1 18 0 1 0 
0 0 0 13 1 0 0 89 0 2 114 2 197 
1 2 1 14 2 0 0 75 1 0 0 5 0 
1 2 1 15 2 0 0 80 1 8 0 11 0 
0 0 0 16 0 136 0 85 1 15 0 9 0 
0 0 0 17 0 24 0 90 1 11 0 0 0 
0 0 0 18 1 0 0 95 0 11 0 4 0 
0 0 0 19 0 0 0 100 0 14 0 12 0 
0 0 0 20 0 0 0 105 0 4 0 14 0 
0 0 0 21 0 0 0 110 0 13 0 4 0 
0 0 0 22 2 0 0 115 0 19 0 2 0 
0 0 0 23 0 0 0 120 0 2 0 3 0 
0 0 0 24 2 0 0 125 0 3 0 3 0 
0 0 0 25 2 0 0 130 0 7 0 12 0 
0 0 0 26 2 0 0 135 0 6 0 7 0 
0 0 0 27 1 0 0 140 0 2 0 12 0 
0 0 0 28 2 0 0 145 0 0 0 4 0 
0 0 0 29 2 0 0 150 0 17 0 5 0 
9 9 13 7 9 11 13 0 0 0 0 0 0 0 0 0 0 0 0 0 0 0 0 0 0 0 0 0 0 0 
15 0 0 0 0 0 0 0 0 0 0 0 0 0 0 0 0 0 0 0 0 0 0 0 0 0 0 0 0 0 
12 4 10 4 1 0 0 0 0 0 0 0 0 0 0 0 0 0 0 0 0 0 0 0 0 0 0 0 0 0 
5 8 14 2 8 9 1 10 0 0 0 0 0 0 0 0 0 0 0 0 0 0 0 0 0 0 0 0 0 0 
1 1 2 4 1714 
0 0 0 0 2 18 0 88 1 19 0 6 0 
0 0 0 1 2 145 0 87 1 15 222 15 310 
1 2 1 2 0 0 0 79 1 14 0 2 0 
0 2 1 3 2 0 0 81 1 17 114 0 197 
0 0 0 4 0 0 0 91 0 14 0 16 0 
1 2 1 5 0 0 0 30 1 3 0 3 0 
0 2 1 6 2 0 0 84 1 3 0 1 0 
0 2 1 7 0 0 0 82 1 20 114 14 197 
1 2 1 8 0 0 0 45 1 17 0 10 0 
1 2 1 9 0 0 0 72 1 2 114 6 197 
0 1 0 10 1 66 0 86 1 17 0 11 0 
0 2 1 11 2 0 0 83 1 10 114 3 197 
1 2 1 12 1 0 0 65 1 18 0 1 0 
0 0 0 13 1 18 0 89 1 2 114 2 197 
1 2 1 14 2 0 0 75 1 0 0 5 0 
1 2 1 15 2 0 0 80 1 8 0 11 0 
0 2 1 16 0 0 0 85 1 15 0 9 0 
0 0 0 17 0 43 0 90 1 11 0 0 0 
0 0 0 18 1 63 0 95 1 11 0 4 0 
0 0 0 19 0 0 0 100 0 14 0 12 0 
0 0 0 20 0 0 0 105 0 4 0 14 0 
0 0 0 21 0 0 0 110 0 13 0 4 0 
0 0 0 22 2 0 0 115 0 19 0 2 0 
0 0 0 23 0 0 0 120 0 2 0 3 0 
0 0 0 24 2 0 0 125 0 3 0 3 0 
0 0 0 25 2 0 0 130 0 7 0 12 0 
0 0 0 26 2 0 0 135 0 6 0 7 0 
0 0 0 27 1 0 0 140 0 2 0 12 0 
0 0 0 28 2 0 0 145 0 0 0 4 0 
0 0 0 29 2 0 0 150 0 17 0 5 0 
9 9 13 7 9 11 13 0 0 0 0 0 0 0 0 0 0 0 0 0 0 0 0 0 0 0 0 0 0 0 
15 0 0 0 0 0 0 0 0 0 0 0 0 0 0 0 0 0 0 0 0 0 0 0 0 0 0 0 0 0 
12 4 10 4 1 0 0 0 0 0 0 0 0 0 0 0 0 0 0 0 0 0 0 0 0 0 0 0 0 0 
5 8 14 2 8 9 1 10 0 0 0 0 0 0 0 0 0 0 0 0 0 0 0 0 0 0 0 0 0 0 
1 1 1 4 1434 
0 2 1 0 2 0 0 88 1 19 0 6 0 
0 2 1 1 2 0 0 87 1 15 222 15 310 
1 2 1 2 0 0 0 79 1 14 0 2 0 
0 2 1 3 2 0 0 81 1 17 114 0 197 
0 0 0 4 0 88 0 91 1 14 0 16 0 
1 2 1 5 0 0 0 30 1 3 0 3 0 
0 2 1 6 2 0 0 84 1 3 0 1 0 
1 2 1 7 0 0 0 82 1 20 114 14 197 
1 2 1 8 0 0 0 45 1 17 0 10 0 
0 0 0 9 0 0 0 92 0 14 114 12 197 
1 2 1 10 1 0 0 86 1 17 0 11 0 
0 2 1 11 2 0 0 83 1 10 114 3 197 
1 2 1 12 1 0 0 65 1 18 0 1 0 
1 2 1 13 1 0 0 89 1 2 114 2 197 
1 2 1 14 2 0 0 75 1 0 0 5 0 
1 2 1 15 2 0 0 80 1 8 0 11 0 
1 2 1 16 0 0 0 85 1 15 0 9 0 
0 1 0 17 0 18 0 90 1 11 0 0 0 
0 0 0 18 1 152 0 95 1 11 0 4 0 
0 0 0 19 0 0 0 100 0 14 0 12 0 
0 0 0 20 0 0 0 105 0 4 0 14 0 
0 0 0 21 0 0 0 110 0 13 0 4 0 
0 0 0 22 2 0 0 115 0 19 0 2 0 
0 0 0 23 0 0 0 120 0 2 0 3 0 
0 0 0 24 2 0 0 125 0 3 0 3 0 
0 0 0 25 2 0 0 130 0 7 0 12 0 
0 0 0 26 2 0 0 135 0 6 0 7 0 
0 0 0 27 1 0 0 140 0 2 0 12 0 
0 0 0 28 2 0 0 145 0 0 0 4 0 
0 0 0 29 2 0 0 150 0 17 0 5 0 
9 9 13 7 9 11 13 0 0 0 0 0 0 0 0 0 0 0 0 0 0 0 0 0 0 0 0 0 0 0 
15 10 16 0 0 0 0 0 0 0 0 0 0 0 0 0 0 0 0 0 0 0 0 0 0 0 0 0 0 0 
12 7 10 4 1 0 0 0 0 0 0 0 0 0 0 0 0 0 0 0 0 0 0 0 0 0 0 0 0 0 
5 8 14 2 13 9 1 10 0 0 0 0 0 0 0 0 0 0 0 0 0 0 0 0 0 0 0 0 0 0 
0 3 2 5 1082 
0 2 1 0 2 0 0 88 1 19 0 6 0 
0 2 1 1 2 0 0 87 1 15 222 15 310 
1 2 1 2 0 0 0 79 1 14 0 2 0 
0 2 1 3 2 0 0 81 1 17 114 0 197 
0 2 1 4 0 0 0 91 1 14 0 16 0 
1 2 1 5 0 0 0 30 1 3 0 3 0 
1 2 1 6 2 0 0 84 1 3 0 1 0 
1 2 1 7 0 0 0 82 1 20 114 14 197 
1 2 1 8 0 0 0 45 1 17 0 10 0 
0 2 1 9 0 0 0 92 1 14 114 12 197 
1 2 1 10 1 0 0 86 1 17 0 11 0 
0 2 1 11 2 0 0 83 1 10 114 3 197 
0 0 0 12 1 0 0 94 0 12 0 16 0 
1 2 1 13 1 0 0 89 1 2 114 2 197 
1 2 1 14 2 0 0 75 1 0 0 5 0 
1 2 1 15 2 0 0 80 1 8 0 11 0 
1 2 1 16 0 0 0 85 1 15 0 9 0 
1 2 1 17 0 0 0 90 1 11 0 0 0 
0 0 0 18 1 0 0 95 1 11 0 4 0 
0 0 0 19 0 22 0 100 1 14 0 12 0 
0 0 0 20 0 0 0 105 0 4 0 14 0 
0 0 0 21 0 0 0 110 0 13 0 4 0 
0 0 0 22 2 0 0 115 0 19 0 2 0 
0 0 0 23 0 0 0 120 0 2 0 3 0 
0 0 0 24 2 0 0 125 0 3 0 3 0 
0 0 0 25 2 0 0 130 0 7 0 12 0 
0 0 0 26 2 0 0 135 0 6 0 7 0 
0 0 0 27 1 0 0 140 0 2 0 12 0 
0 0 0 28 2 0 0 145 0 0 0 4 0 
0 0 0 29 2 0 0 150 0 17 0 5 0 
9 9 13 7 9 11 13 0 0 0 0 0 0 0 0 0 0 0 0 0 0 0 0 0 0 0 0 0 0 0 
15 10 16 0 0 0 0 0 0 0 0 0 0 0 0 0 0 0 0 0 0 0 0 0 0 0 0 0 0 0 
7 7 10 4 1 0 0 0 0 0 0 0 0 0 0 0 0 0 0 0 0 0 0 0 0 0 0 0 0 0 
5 8 14 2 13 6 17 10 0 0 0 0 0 0 0 0 0 0 0 0 0 0 0 0 0 0 0 0 0 0 
0 3 1 7 716 
1 2 1 0 2 0 0 88 1 19 0 6 0 
0 2 1 1 2 0 0 87 1 15 222 15 310 
1 2 1 2 0 0 0 79 1 14 0 2 0 
0 2 1 3 2 0 0 81 1 17 114 0 197 
0 2 1 4 0 0 0 91 1 14 0 16 0 
1 2 1 5 0 0 0 30 1 3 0 3 0 
1 2 1 6 2 0 0 84 1 3 0 1 0 
1 2 1 7 0 0 0 82 1 20 114 14 197 
1 2 1 8 0 0 0 45 1 17 0 10 0 
0 2 1 9 0 0 0 92 1 14 114 12 197 
1 2 1 10 1 0 0 86 1 17 0 11 0 
1 2 1 11 2 0 0 83 1 10 114 3 197 
0 0 0 12 1 0 0 98 0 18 0 15 0 
1 2 1 13 1 0 0 89 1 2 114 2 197 
1 2 1 14 2 0 0 75 1 0 0 5 0 
1 2 1 15 2 0 0 80 1 8 0 11 0 
1 2 1 16 0 0 0 85 1 15 0 9 0 
1 2 1 17 0 0 0 90 1 11 0 0 0 
1 2 1 18 1 0 0 95 1 11 0 4 0 
0 0 0 19 0 83 0 100 1 14 0 12 0 
0 0 0 20 0 105 0 105 1 4 0 14 0 
0 0 0 21 0 0 0 110 0 13 0 4 0 
0 0 0 22 2 0 0 115 0 19 0 2 0 
0 0 0 23 0 0 0 120 0 2 0 3 0 
0 0 0 24 2 0 0 125 0 3 0 3 0 
0 0 0 25 2 0 0 130 0 7 0 12 0 
0 0 0 26 2 0 0 135 0 6 0 7 0 
0 0 0 27 1 0 0 140 0 2 0 12 0 
0 0 0 28 2 0 0 145 0 0 0 4 0 
0 0 0 29 2 0 0 150 0 17 0 5 0 
9 9 13 7 9 11 13 0 0 0 0 0 0 0 0 0 0 0 0 0 0 0 0 0 0 0 0 0 0 0 
15 10 16 18 11 0 0 0 0 0 0 0 0 0 0 0 0 0 0 0 0 0 0 0 0 0 0 0 0 0 
7 12 10 4 1 0 0 0 0 0 0 0 0 0 0 0 0 0 0 0 0 0 0 0 0 0 0 0 0 0 
5 8 14 2 13 6 17 0 0 0 0 0 0 0 0 0 0 0 0 0 0 0 0 0 0 0 0 0 0 0 
0 5 1 8 392 
1 2 1 0 2 0 0 88 1 19 0 6 0 
1 2 1 1 2 0 0 87 1 15 222 15 310 
1 2 1 2 0 0 0 79 1 14 0 2 0 
0 2 1 3 2 0 0 81 1 17 114 0 197 
1 2 1 4 0 0 0 91 1 14 0 16 0 
1 2 1 5 0 0 0 30 1 3 0 3 0 
1 2 1 6 2 0 0 84 1 3 0 1 0 
1 2 1 7 0 0 0 82 1 20 114 14 197 
1 2 1 8 0 0 0 45 1 17 0 10 0 
1 2 1 9 0 0 0 92 1 14 114 12 197 
1 2 1 10 1 0 0 86 1 17 0 11 0 
1 2 1 11 2 0 0 83 1 10 114 3 197 
0 2 1 12 1 0 0 98 1 18 0 15 0 
1 2 1 13 1 0 0 89 1 2 114 2 197 
1 2 1 14 2 0 0 75 1 0 0 5 0 
1 2 1 15 2 0 0 80 1 8 0 11 0 
1 2 1 16 0 0 0 85 1 15 0 9 0 
1 2 1 17 0 0 0 90 1 11 0 0 0 
1 2 1 18 1 0 0 95 1 11 0 4 0 
0 1 0 19 0 45 0 100 1 14 0 12 0 
0 0 0 20 0 179 0 105 1 4 0 14 0 
0 0 0 21 0 0 0 110 0 13 0 4 0 
0 0 0 22 2 0 0 115 0 19 0 2 0 
0 0 0 23 0 0 0 120 0 2 0 3 0 
0 0 0 24 2 0 0 125 0 3 0 3 0 
0 0 0 25 2 0 0 130 0 7 0 12 0 
0 0 0 26 2 0 0 135 0 6 0 7 0 
0 0 0 27 1 0 0 140 0 2 0 12 0 
0 0 0 28 2 0 0 145 0 0 0 4 0 
0 0 0 29 2 0 0 150 0 17 0 5 0 
9 9 13 7 9 11 13 0 0 0 0 0 0 0 0 0 0 0 0 0 0 0 0 0 0 0 0 0 0 0 
15 10 16 18 11 9 0 0 0 0 0 0 0 0 0 0 0 0 0 0 0 0 0 0 0 0 0 0 0 0 
7 12 10 4 1 0 0 0 0 0 0 0 0 0 0 0 0 0 0 0 0 0 0 0 0 0 0 0 0 0 
5 8 14 2 13 6 17 0 1 4 0 0 0 0 0 0 0 0 0 0 0 0 0 0 0 0 0 0 0 0 
0 6 1 10 55 
