30
0 0 0 0 1 0 0 5 0 21 0 9 0 
0 0 0 1 2 0 0 10 0 3 0 11 0 
0 0 0 2 0 0 0 15 0 12 0 7 0 
0 0 0 3 0 0 0 20 0 13 0 7 0 
0 0 0 4 1 0 0 25 0 10 0 3 0 
0 0 0 5 1 0 0 30 0 16 0 10 0 
0 0 0 6 2 0 0 35 0 14 0 2 0 
0 0 0 7 0 0 0 40 0 3 0 6 0 
0 0 0 8 1 0 0 45 0 5 0 6 0 
0 0 0 9 1 0 0 50 0 15 0 11 0 
0 0 0 10 1 0 0 55 0 15 0 1 0 
0 0 0 11 1 0 0 60 0 19 0 9 0 
0 0 0 12 2 0 0 65 0 9 0 7 0 
0 0 0 13 1 0 0 70 0 15 0 15 0 
0 0 0 14 2 0 0 75 0 20 0 5 0 
0 0 0 15 2 0 0 80 0 13 0 5 0 
0 0 0 16 0 0 0 85 0 14 0 12 0 
0 0 0 17 0 0 0 90 0 0 0 5 0 
0 0 0 18 2 0 0 95 0 8 0 14 0 
0 0 0 19 2 0 0 100 0 16 0 15 0 
0 0 0 20 0 0 0 105 0 18 0 10 0 
0 0 0 21 1 0 0 110 0 13 0 4 0 
0 0 0 22 1 0 0 115 0 10 0 4 0 
0 0 0 23 2 0 0 120 0 9 0 5 0 
0 0 0 24 2 0 0 125 0 1 0 4 0 
0 0 0 25 1 0 0 130 0 3 0 5 0 
0 0 0 26 0 0 0 135 0 11 0 11 0 
0 0 0 27 0 0 0 140 0 6 0 9 0 
0 0 0 28 2 0 0 145 0 7 0 15 0 
0 0 0 29 0 0 0 150 0 17 0 13 0 
0 0 0 0 0 0 0 0 0 0 0 0 0 0 0 0 0 0 0 0 0 0 0 0 0 0 0 0 0 0 
0 0 0 0 0 0 0 0 0 0 0 0 0 0 0 0 0 0 0 0 0 0 0 0 0 0 0 0 0 0 
0 0 0 0 0 0 0 0 0 0 0 0 0 0 0 0 0 0 0 0 0 0 0 0 0 0 0 0 0 0 
0 0 0 0 0 0 0 0 0 0 0 0 0 0 0 0 0 0 0 0 0 0 0 0 0 0 0 0 0 0 
0 0 0 0 10000 
1 2 1 0 1 0 0 5 1 21 0 9 0 
0 0 0 1 2 0 0 14 0 2 0 6 0 
0 0 0 2 0 195 0 15 1 12 0 7 0 
0 0 0 3 0 217 0 20 1 13 0 7 0 
0 0 0 4 1 0 0 25 0 10 0 3 0 
0 0 0 5 1 0 0 30 0 16 0 10 0 
0 0 0 6 2 0 0 35 0 14 0 2 0 
0 0 0 7 0 0 0 40 0 3 0 6 0 
0 0 0 8 1 0 0 45 0 5 0 6 0 
0 0 0 9 1 0 0 50 0 15 0 11 0 
0 0 0 10 1 0 0 55 0 15 0 1 0 
0 0 0 11 1 0 0 60 0 19 0 9 0 
0 0 0 12 2 0 0 65 0 9 0 7 0 
0 0 0 13 1 0 0 70 0 15 0 15 0 
0 0 0 14 2 0 0 75 0 20 0 5 0 
0 0 0 15 2 0 0 80 0 13 0 5 0 
0 0 0 16 0 0 0 85 0 14 0 12 0 
0 0 0 17 0 0 0 90 0 0 0 5 0 
0 0 0 18 2 0 0 95 0 8 0 14 0 
0 0 0 19 2 0 0 100 0 16 0 15 0 
0 0 0 20 0 0 0 105 0 18 0 10 0 
0 0 0 21 1 0 0 110 0 13 0 4 0 
0 0 0 22 1 0 0 115 0 10 0 4 0 
0 0 0 23 2 0 0 120 0 9 0 5 0 
0 0 0 24 2 0 0 125 0 1 0 4 0 
0 0 0 25 1 0 0 130 0 3 0 5 0 
0 0 0 26 0 0 0 135 0 11 0 11 0 
0 0 0 27 0 0 0 140 0 6 0 9 0 
0 0 0 28 2 0 0 145 0 7 0 15 0 
0 0 0 29 0 0 0 150 0 17 0 13 0 
1 0 0 0 0 0 0 0 0 0 0 0 0 0 0 0 0 0 0 0 0 0 0 0 0 0 0 0 0 0 
0 0 0 0 0 0 0 0 0 0 0 0 0 0 0 0 0 0 0 0 0 0 0 0 0 0 0 0 0 0 
0 0 0 0 0 0 0 0 0 0 0 0 0 0 0 0 0 0 0 0 0 0 0 0 0 0 0 0 0 0 
0 0 0 0 0 0 0 0 0 0 0 0 0 0 0 0 0 0 0 0 0 0 0 0 0 0 0 0 0 0 
0 1 0 0 8716 
1 2 1 0 1 0 0 5 1 21 0 9 0 
0 0 0 1 2 5 0 14 1 2 0 6 0 
0 0 0 2 0 201 0 15 1 12 0 7 0 
0 0 0 3 0 223 0 20 1 13 0 7 0 
0 0 0 4 1 0 0 25 0 10 0 3 0 
0 0 0 5 1 0 0 30 0 16 0 10 0 
0 0 0 6 2 0 0 35 0 14 0 2 0 
0 0 0 7 0 0 0 40 0 3 0 6 0 
0 0 0 8 1 0 0 45 0 5 0 6 0 
0 0 0 9 1 0 0 50 0 15 0 11 0 
0 0 0 10 1 0 0 55 0 15 0 1 0 
0 0 0 11 1 0 0 60 0 19 0 9 0 
0 0 0 12 2 0 0 65 0 9 0 7 0 
0 0 0 13 1 0 0 70 0 15 0 15 0 
0 0 0 14 2 0 0 75 0 20 0 5 0 
0 0 0 15 2 0 0 80 0 13 0 5 0 
0 0 0 16 0 0 0 85 0 14 0 12 0 
0 0 0 17 0 0 0 90 0 0 0 5 0 
0 0 0 18 2 0 0 95 0 8 0 14 0 
0 0 0 19 2 0 0 100 0 16 0 15 0 
0 0 0 20 0 0 0 105 0 18 0 10 0 
0 0 0 21 1 0 0 110 0 13 0 4 0 
0 0 0 22 1 0 0 115 0 10 0 4 0 
0 0 0 23 2 0 0 120 0 9 0 5 0 
0 0 0 24 2 0 0 125 0 1 0 4 0 
0 0 0 25 1 0 0 130 0 3 0 5 0 
0 0 0 26 0 0 0 135 0 11 0 11 0 
0 0 0 27 0 0 0 140 0 6 0 9 0 
0 0 0 28 2 0 0 145 0 7 0 15 0 
0 0 0 29 0 0 0 150 0 17 0 13 0 
1 0 0 0 0 0 0 0 0 0 0 0 0 0 0 0 0 0 0 0 0 0 0 0 0 0 0 0 0 0 
0 0 0 0 0 0 0 0 0 0 0 0 0 0 0 0 0 0 0 0 0 0 0 0 0 0 0 0 0 0 
0 0 0 0 0 0 0 0 0 0 0 0 0 0 0 0 0 0 0 0 0 0 0 0 0 0 0 0 0 0 
0 0 0 0 0 0 0 0 0 0 0 0 0 0 0 0 0 0 0 0 0 0 0 0 0 0 0 0 0 0 
0 1 0 0 8710 
1 2 1 0 1 0 0 5 1 21 0 9 0 
1 2 1 1 2 0 0 14 1 2 0 6 0 
0 2 1 2 0 0 0 15 1 12 0 7 0 
0 0 0 3 0 238 0 20 1 13 0 7 0 
0 0 0 4 1 184 0 25 1 10 0 3 0 
0 0 0 5 1 0 0 30 0 16 0 10 0 
0 0 0 6 2 0 0 35 0 14 0 2 0 
0 0 0 7 0 0 0 40 0 3 0 6 0 
0 0 0 8 1 0 0 45 0 5 0 6 0 
0 0 0 9 1 0 0 50 0 15 0 11 0 
0 0 0 10 1 0 0 55 0 15 0 1 0 
0 0 0 11 1 0 0 60 0 19 0 9 0 
0 0 0 12 2 0 0 65 0 9 0 7 0 
0 0 0 13 1 0 0 70 0 15 0 15 0 
0 0 0 14 2 0 0 75 0 20 0 5 0 
0 0 0 15 2 0 0 80 0 13 0 5 0 
0 0 0 16 0 0 0 85 0 14 0 12 0 
0 0 0 17 0 0 0 90 0 0 0 5 0 
0 0 0 18 2 0 0 95 0 8 0 14 0 
0 0 0 19 2 0 0 100 0 16 0 15 0 
0 0 0 20 0 0 0 105 0 18 0 10 0 
0 0 0 21 1 0 0 110 0 13 0 4 0 
0 0 0 22 1 0 0 115 0 10 0 4 0 
0 0 0 23 2 0 0 120 0 9 0 5 0 
0 0 0 24 2 0 0 125 0 1 0 4 0 
0 0 0 25 1 0 0 130 0 3 0 5 0 
0 0 0 26 0 0 0 135 0 11 0 11 0 
0 0 0 27 0 0 0 140 0 6 0 9 0 
0 0 0 28 2 0 0 145 0 7 0 15 0 
0 0 0 29 0 0 0 150 0 17 0 13 0 
1 0 0 0 0 0 0 0 0 0 0 0 0 0 0 0 0 0 0 0 0 0 0 0 0 0 0 0 0 0 
0 1 0 0 0 0 0 0 0 0 0 0 0 0 0 0 0 0 0 0 0 0 0 0 0 0 0 0 0 0 
0 0 0 0 0 0 0 0 0 0 0 0 0 0 0 0 0 0 0 0 0 0 0 0 0 0 0 0 0 0 
0 0 0 0 0 0 0 0 0 0 0 0 0 0 0 0 0 0 0 0 0 0 0 0 0 0 0 0 0 0 
0 2 0 0 8309 
1 2 1 0 1 0 0 5 1 21 0 9 0 
0 0 0 1 2 0 0 21 0 8 0 0 0 
0 2 1 2 0 0 0 15 1 12 0 7 0 
0 0 0 3 0 127 0 20 1 13 0 7 0 
0 0 0 4 1 73 0 25 1 10 0 3 0 
0 0 0 5 1 0 0 30 0 16 0 10 0 
0 0 0 6 2 0 0 35 0 14 0 2 0 
0 0 0 7 0 0 0 40 0 3 0 6 0 
0 0 0 8 1 0 0 45 0 5 0 6 0 
0 0 0 9 1 0 0 50 0 15 0 11 0 
0 0 0 10 1 0 0 55 0 15 0 1 0 
0 0 0 11 1 0 0 60 0 19 0 9 0 
0 0 0 12 2 0 0 65 0 9 0 7 0 
0 0 0 13 1 0 0 70 0 15 0 15 0 
0 0 0 14 2 0 0 75 0 20 0 5 0 
0 0 0 15 2 0 0 80 0 13 0 5 0 
0 0 0 16 0 0 0 85 0 14 0 12 0 
0 0 0 17 0 0 0 90 0 0 0 5 0 
0 0 0 18 2 0 0 95 0 8 0 14 0 
0 0 0 19 2 0 0 100 0 16 0 15 0 
0 0 0 20 0 0 0 105 0 18 0 10 0 
0 0 0 21 1 0 0 110 0 13 0 4 0 
0 0 0 22 1 0 0 115 0 10 0 4 0 
0 0 0 23 2 0 0 120 0 9 0 5 0 
0 0 0 24 2 0 0 125 0 1 0 4 0 
0 0 0 25 1 0 0 130 0 3 0 5 0 
0 0 0 26 0 0 0 135 0 11 0 11 0 
0 0 0 27 0 0 0 140 0 6 0 9 0 
0 0 0 28 2 0 0 145 0 7 0 15 0 
0 0 0 29 0 0 0 150 0 17 0 13 0 
1 0 0 0 0 0 0 0 0 0 0 0 0 0 0 0 0 0 0 0 0 0 0 0 0 0 0 0 0 0 
0 1 0 0 0 0 0 0 0 0 0 0 0 0 0 0 0 0 0 0 0 0 0 0 0 0 0 0 0 0 
0 0 0 0 0 0 0 0 0 0 0 0 0 0 0 0 0 0 0 0 0 0 0 0 0 0 0 0 0 0 
0 0 0 0 0 0 0 0 0 0 0 0 0 0 0 0 0 0 0 0 0 0 0 0 0 0 0 0 0 0 
0 1 0 0 8163 
1 2 1 0 1 0 0 5 1 21 0 9 0 
0 1 0 1 2 99 0 21 1 8 0 0 0 
0 2 1 2 0 0 0 15 1 12 0 7 0 
0 2 1 3 0 0 0 20 1 13 0 7 0 
0 0 0 4 1 74 0 25 1 10 0 3 0 
0 0 0 5 1 96 0 30 1 16 0 10 0 
0 0 0 6 2 0 0 35 0 14 0 2 0 
0 0 0 7 0 0 0 40 0 3 0 6 0 
0 0 0 8 1 0 0 45 0 5 0 6 0 
0 0 0 9 1 0 0 50 0 15 0 11 0 
0 0 0 10 1 0 0 55 0 15 0 1 0 
0 0 0 11 1 0 0 60 0 19 0 9 0 
0 0 0 12 2 0 0 65 0 9 0 7 0 
0 0 0 13 1 0 0 70 0 15 0 15 0 
0 0 0 14 2 0 0 75 0 20 0 5 0 
0 0 0 15 2 0 0 80 0 13 0 5 0 
0 0 0 16 0 0 0 85 0 14 0 12 0 
0 0 0 17 0 0 0 90 0 0 0 5 0 
0 0 0 18 2 0 0 95 0 8 0 14 0 
0 0 0 19 2 0 0 100 0 16 0 15 0 
0 0 0 20 0 0 0 105 0 18 0 10 0 
0 0 0 21 1 0 0 110 0 13 0 4 0 
0 0 0 22 1 0 0 115 0 10 0 4 0 
0 0 0 23 2 0 0 120 0 9 0 5 0 
0 0 0 24 2 0 0 125 0 1 0 4 0 
0 0 0 25 1 0 0 130 0 3 0 5 0 
0 0 0 26 0 0 0 135 0 11 0 11 0 
0 0 0 27 0 0 0 140 0 6 0 9 0 
0 0 0 28 2 0 0 145 0 7 0 15 0 
0 0 0 29 0 0 0 150 0 17 0 13 0 
1 0 0 0 0 0 0 0 0 0 0 0 0 0 0 0 0 0 0 0 0 0 0 0 0 0 0 0 0 0 
0 1 0 0 0 0 0 0 0 0 0 0 0 0 0 0 0 0 0 0 0 0 0 0 0 0 0 0 0 0 
0 0 0 0 0 0 0 0 0 0 0 0 0 0 0 0 0 0 0 0 0 0 0 0 0 0 0 0 0 0 
0 0 0 0 0 0 0 0 0 0 0 0 0 0 0 0 0 0 0 0 0 0 0 0 0 0 0 0 0 0 
0 1 0 0 7901 
0 0 0 0 1 0 0 23 0 12 0 6 0 
0 2 1 1 2 0 0 21 1 8 0 0 0 
0 2 1 2 0 0 0 15 1 12 0 7 0 
0 2 1 3 0 0 0 20 1 13 0 7 0 
0 0 0 4 1 98 0 25 1 10 0 3 0 
0 0 0 5 1 120 0 30 1 16 0 10 0 
0 0 0 6 2 0 0 35 0 14 0 2 0 
0 0 0 7 0 0 0 40 0 3 0 6 0 
0 0 0 8 1 0 0 45 0 5 0 6 0 
0 0 0 9 1 0 0 50 0 15 0 11 0 
0 0 0 10 1 0 0 55 0 15 0 1 0 
0 0 0 11 1 0 0 60 0 19 0 9 0 
0 0 0 12 2 0 0 65 0 9 0 7 0 
0 0 0 13 1 0 0 70 0 15 0 15 0 
0 0 0 14 2 0 0 75 0 20 0 5 0 
0 0 0 15 2 0 0 80 0 13 0 5 0 
0 0 0 16 0 0 0 85 0 14 0 12 0 
0 0 0 17 0 0 0 90 0 0 0 5 0 
0 0 0 18 2 0 0 95 0 8 0 14 0 
0 0 0 19 2 0 0 100 0 16 0 15 0 
0 0 0 20 0 0 0 105 0 18 0 10 0 
0 0 0 21 1 0 0 110 0 13 0 4 0 
0 0 0 22 1 0 0 115 0 10 0 4 0 
0 0 0 23 2 0 0 120 0 9 0 5 0 
0 0 0 24 2 0 0 125 0 1 0 4 0 
0 0 0 25 1 0 0 130 0 3 0 5 0 
0 0 0 26 0 0 0 135 0 11 0 11 0 
0 0 0 27 0 0 0 140 0 6 0 9 0 
0 0 0 28 2 0 0 145 0 7 0 15 0 
0 0 0 29 0 0 0 150 0 17 0 13 0 
1 0 0 0 0 0 0 0 0 0 0 0 0 0 0 0 0 0 0 0 0 0 0 0 0 0 0 0 0 0 
0 1 0 0 0 0 0 0 0 0 0 0 0 0 0 0 0 0 0 0 0 0 0 0 0 0 0 0 0 0 
0 0 0 0 0 0 0 0 0 0 0 0 0 0 0 0 0 0 0 0 0 0 0 0 0 0 0 0 0 0 
0 0 0 0 0 0 0 0 0 0 0 0 0 0 0 0 0 0 0 0 0 0 0 0 0 0 0 0 0 0 
0 0 0 0 7875 
0 2 1 0 1 0 0 23 1 12 0 6 0 
0 2 1 1 2 0 0 21 1 8 0 0 0 
1 2 1 2 0 0 0 15 1 12 0 7 0 
1 2 1 3 0 0 0 20 1 13 0 7 0 
0 1 0 4 1 7 0 25 1 10 0 3 0 
0 0 0 5 1 141 0 30 1 16 0 10 0 
0 0 0 6 2 0 0 35 0 14 0 2 0 
0 0 0 7 0 0 0 40 0 3 0 6 0 
0 0 0 8 1 0 0 45 0 5 0 6 0 
0 0 0 9 1 0 0 50 0 15 0 11 0 
0 0 0 10 1 0 0 55 0 15 0 1 0 
0 0 0 11 1 0 0 60 0 19 0 9 0 
0 0 0 12 2 0 0 65 0 9 0 7 0 
0 0 0 13 1 0 0 70 0 15 0 15 0 
0 0 0 14 2 0 0 75 0 20 0 5 0 
0 0 0 15 2 0 0 80 0 13 0 5 0 
0 0 0 16 0 0 0 85 0 14 0 12 0 
0 0 0 17 0 0 0 90 0 0 0 5 0 
0 0 0 18 2 0 0 95 0 8 0 14 0 
0 0 0 19 2 0 0 100 0 16 0 15 0 
0 0 0 20 0 0 0 105 0 18 0 10 0 
0 0 0 21 1 0 0 110 0 13 0 4 0 
0 0 0 22 1 0 0 115 0 10 0 4 0 
0 0 0 23 2 0 0 120 0 9 0 5 0 
0 0 0 24 2 0 0 125 0 1 0 4 0 
0 0 0 25 1 0 0 130 0 3 0 5 0 
0 0 0 26 0 0 0 135 0 11 0 11 0 
0 0 0 27 0 0 0 140 0 6 0 9 0 
0 0 0 28 2 0 0 145 0 7 0 15 0 
0 0 0 29 0 0 0 150 0 17 0 13 0 
2 0 0 0 0 0 0 0 0 0 0 0 0 0 0 0 0 0 0 0 0 0 0 0 0 0 0 0 0 0 
0 1 0 0 0 0 0 0 0 0 0 0 0 0 0 0 0 0 0 0 0 0 0 0 0 0 0 0 0 0 
3 0 0 0 0 0 0 0 0 0 0 0 0 0 0 0 0 0 0 0 0 0 0 0 0 0 0 0 0 0 
0 0 0 0 0 0 0 0 0 0 0 0 0 0 0 0 0 0 0 0 0 0 0 0 0 0 0 0 0 0 
1 0 1 0 7593 
1 2 1 0 1 0 0 23 1 12 0 6 0 
0 2 1 1 2 0 0 21 1 8 0 0 0 
1 2 1 2 0 0 0 15 1 12 0 7 0 
1 2 1 3 0 0 0 20 1 13 0 7 0 
0 1 0 4 1 43 0 25 1 10 0 3 0 
0 0 0 5 1 177 0 30 1 16 0 10 0 
0 0 0 6 2 0 0 35 0 14 0 2 0 
0 0 0 7 0 0 0 40 0 3 0 6 0 
0 0 0 8 1 0 0 45 0 5 0 6 0 
0 0 0 9 1 0 0 50 0 15 0 11 0 
0 0 0 10 1 0 0 55 0 15 0 1 0 
0 0 0 11 1 0 0 60 0 19 0 9 0 
0 0 0 12 2 0 0 65 0 9 0 7 0 
0 0 0 13 1 0 0 70 0 15 0 15 0 
0 0 0 14 2 0 0 75 0 20 0 5 0 
0 0 0 15 2 0 0 80 0 13 0 5 0 
0 0 0 16 0 0 0 85 0 14 0 12 0 
0 0 0 17 0 0 0 90 0 0 0 5 0 
0 0 0 18 2 0 0 95 0 8 0 14 0 
0 0 0 19 2 0 0 100 0 16 0 15 0 
0 0 0 20 0 0 0 105 0 18 0 10 0 
0 0 0 21 1 0 0 110 0 13 0 4 0 
0 0 0 22 1 0 0 115 0 10 0 4 0 
0 0 0 23 2 0 0 120 0 9 0 5 0 
0 0 0 24 2 0 0 125 0 1 0 4 0 
0 0 0 25 1 0 0 130 0 3 0 5 0 
0 0 0 26 0 0 0 135 0 11 0 11 0 
0 0 0 27 0 0 0 140 0 6 0 9 0 
0 0 0 28 2 0 0 145 0 7 0 15 0 
0 0 0 29 0 0 0 150 0 17 0 13 0 
2 0 0 0 0 0 0 0 0 0 0 0 0 0 0 0 0 0 0 0 0 0 0 0 0 0 0 0 0 0 
0 1 0 0 0 0 0 0 0 0 0 0 0 0 0 0 0 0 0 0 0 0 0 0 0 0 0 0 0 0 
3 0 0 0 0 0 0 0 0 0 0 0 0 0 0 0 0 0 0 0 0 0 0 0 0 0 0 0 0 0 
0 0 0 0 0 0 0 0 0 0 0 0 0 0 0 0 0 0 0 0 0 0 0 0 0 0 0 0 0 0 
1 0 2 0 7557 
1 2 1 0 1 0 0 23 1 12 0 6 0 
1 2 1 1 2 0 0 21 1 15 465 7 209 
1 2 1 2 0 0 0 15 1 12 0 7 0 
1 2 1 3 0 0 0 20 1 13 0 7 0 
1 2 1 4 1 0 0 25 1 10 0 3 0 
0 0 0 5 1 234 0 30 1 16 0 10 0 
0 0 0 6 2 61 0 35 1 14 0 2 0 
0 0 0 7 0 0 0 40 0 3 0 6 0 
0 0 0 8 1 0 0 45 0 5 0 6 0 
0 0 0 9 1 0 0 50 0 15 0 11 0 
0 0 0 10 1 0 0 55 0 15 0 1 0 
0 0 0 11 1 0 0 60 0 19 0 9 0 
0 0 0 12 2 0 0 65 0 9 0 7 0 
0 0 0 13 1 0 0 70 0 15 0 15 0 
0 0 0 14 2 0 0 75 0 20 0 5 0 
0 0 0 15 2 0 0 80 0 13 0 5 0 
0 0 0 16 0 0 0 85 0 14 0 12 0 
0 0 0 17 0 0 0 90 0 0 0 5 0 
0 0 0 18 2 0 0 95 0 8 0 14 0 
0 0 0 19 2 0 0 100 0 16 0 15 0 
0 0 0 20 0 0 0 105 0 18 0 10 0 
0 0 0 21 1 0 0 110 0 13 0 4 0 
0 0 0 22 1 0 0 115 0 10 0 4 0 
0 0 0 23 2 0 0 120 0 9 0 5 0 
0 0 0 24 2 0 0 125 0 1 0 4 0 
0 0 0 25 1 0 0 130 0 3 0 5 0 
0 0 0 26 0 0 0 135 0 11 0 11 0 
0 0 0 27 0 0 0 140 0 6 0 9 0 
0 0 0 28 2 0 0 145 0 7 0 15 0 
0 0 0 29 0 0 0 150 0 17 0 13 0 
2 1 0 0 0 0 0 0 0 0 0 0 0 0 0 0 0 0 0 0 0 0 0 0 0 0 0 0 0 0 
0 1 0 0 0 0 0 0 0 0 0 0 0 0 0 0 0 0 0 0 0 0 0 0 0 0 0 0 0 0 
3 0 4 0 0 0 0 0 0 0 0 0 0 0 0 0 0 0 0 0 0 0 0 0 0 0 0 0 0 0 
0 0 0 0 0 0 0 0 0 0 0 0 0 0 0 0 0 0 0 0 0 0 0 0 0 0 0 0 0 0 
2 0 3 0 7175 
1 2 1 0 1 0 0 23 1 12 0 6 0 
1 2 1 1 2 0 0 21 1 15 465 7 209 
1 2 1 2 0 0 0 15 1 12 0 7 0 
1 2 1 3 0 0 0 20 1 13 0 7 0 
1 2 1 4 1 0 0 25 1 10 0 3 0 
1 2 1 5 1 0 0 30 1 16 0 10 0 
0 1 0 6 2 64 0 35 1 14 0 2 0 
0 0 0 7 0 198 0 40 1 3 0 6 0 
0 0 0 8 1 0 0 45 0 5 0 6 0 
0 0 0 9 1 0 0 50 0 15 0 11 0 
0 0 0 10 1 0 0 55 0 15 0 1 0 
0 0 0 11 1 0 0 60 0 19 0 9 0 
0 0 0 12 2 0 0 65 0 9 0 7 0 
0 0 0 13 1 0 0 70 0 15 0 15 0 
0 0 0 14 2 0 0 75 0 20 0 5 0 
0 0 0 15 2 0 0 80 0 13 0 5 0 
0 0 0 16 0 0 0 85 0 14 0 12 0 
0 0 0 17 0 0 0 90 0 0 0 5 0 
0 0 0 18 2 0 0 95 0 8 0 14 0 
0 0 0 19 2 0 0 100 0 16 0 15 0 
0 0 0 20 0 0 0 105 0 18 0 10 0 
0 0 0 21 1 0 0 110 0 13 0 4 0 
0 0 0 22 1 0 0 115 0 10 0 4 0 
0 0 0 23 2 0 0 120 0 9 0 5 0 
0 0 0 24 2 0 0 125 0 1 0 4 0 
0 0 0 25 1 0 0 130 0 3 0 5 0 
0 0 0 26 0 0 0 135 0 11 0 11 0 
0 0 0 27 0 0 0 140 0 6 0 9 0 
0 0 0 28 2 0 0 145 0 7 0 15 0 
0 0 0 29 0 0 0 150 0 17 0 13 0 
2 1 0 0 0 0 0 0 0 0 0 0 0 0 0 0 0 0 0 0 0 0 0 0 0 0 0 0 0 0 
0 1 0 0 0 0 0 0 0 0 0 0 0 0 0 0 0 0 0 0 0 0 0 0 0 0 0 0 0 0 
3 0 4 5 0 0 0 0 0 0 0 0 0 0 0 0 0 0 0 0 0 0 0 0 0 0 0 0 0 0 
0 0 0 0 0 0 0 0 0 0 0 0 0 0 0 0 0 0 0 0 0 0 0 0 0 0 0 0 0 0 
2 0 4 0 6536 
1 2 1 0 1 0 0 23 1 12 0 6 0 
1 2 1 1 2 0 0 21 1 15 465 7 209 
1 2 1 2 0 0 0 15 1 12 0 7 0 
1 2 1 3 0 0 0 20 1 13 0 7 0 
1 2 1 4 1 0 0 25 1 10 0 3 0 
1 2 1 5 1 0 0 30 1 16 0 10 0 
1 2 1 6 2 0 0 35 1 14 0 2 0 
0 1 0 7 0 29 0 40 1 3 0 6 0 
0 0 0 8 1 163 0 45 1 5 0 6 0 
0 0 0 9 1 0 0 50 0 15 0 11 0 
0 0 0 10 1 0 0 55 0 15 0 1 0 
0 0 0 11 1 0 0 60 0 19 0 9 0 
0 0 0 12 2 0 0 65 0 9 0 7 0 
0 0 0 13 1 0 0 70 0 15 0 15 0 
0 0 0 14 2 0 0 75 0 20 0 5 0 
0 0 0 15 2 0 0 80 0 13 0 5 0 
0 0 0 16 0 0 0 85 0 14 0 12 0 
0 0 0 17 0 0 0 90 0 0 0 5 0 
0 0 0 18 2 0 0 95 0 8 0 14 0 
0 0 0 19 2 0 0 100 0 16 0 15 0 
0 0 0 20 0 0 0 105 0 18 0 10 0 
0 0 0 21 1 0 0 110 0 13 0 4 0 
0 0 0 22 1 0 0 115 0 10 0 4 0 
0 0 0 23 2 0 0 120 0 9 0 5 0 
0 0 0 24 2 0 0 125 0 1 0 4 0 
0 0 0 25 1 0 0 130 0 3 0 5 0 
0 0 0 26 0 0 0 135 0 11 0 11 0 
0 0 0 27 0 0 0 140 0 6 0 9 0 
0 0 0 28 2 0 0 145 0 7 0 15 0 
0 0 0 29 0 0 0 150 0 17 0 13 0 
2 1 0 0 0 0 0 0 0 0 0 0 0 0 0 0 0 0 0 0 0 0 0 0 0 0 0 0 0 0 
0 1 0 0 0 0 0 0 0 0 0 0 0 0 0 0 0 0 0 0 0 0 0 0 0 0 0 0 0 0 
3 0 4 5 6 0 0 0 0 0 0 0 0 0 0 0 0 0 0 0 0 0 0 0 0 0 0 0 0 0 
0 0 0 0 0 0 0 0 0 0 0 0 0 0 0 0 0 0 0 0 0 0 0 0 0 0 0 0 0 0 
2 0 5 0 6071 
1 2 1 0 1 0 0 23 1 12 0 6 0 
1 2 1 1 2 0 0 21 1 15 465 7 209 
1 2 1 2 0 0 0 15 1 12 0 7 0 
1 2 1 3 0 0 0 20 1 13 0 7 0 
1 2 1 4 1 0 0 25 1 10 0 3 0 
1 2 1 5 1 0 0 30 1 16 0 10 0 
1 2 1 6 2 0 0 35 1 14 0 2 0 
0 2 1 7 0 0 0 40 1 3 0 6 0 
0 0 0 8 1 62 0 45 1 5 0 6 0 
0 0 0 9 1 84 0 50 1 15 0 11 0 
0 0 0 10 1 0 0 55 0 15 0 1 0 
0 0 0 11 1 0 0 60 0 19 0 9 0 
0 0 0 12 2 0 0 65 0 9 0 7 0 
0 0 0 13 1 0 0 70 0 15 0 15 0 
0 0 0 14 2 0 0 75 0 20 0 5 0 
0 0 0 15 2 0 0 80 0 13 0 5 0 
0 0 0 16 0 0 0 85 0 14 0 12 0 
0 0 0 17 0 0 0 90 0 0 0 5 0 
0 0 0 18 2 0 0 95 0 8 0 14 0 
0 0 0 19 2 0 0 100 0 16 0 15 0 
0 0 0 20 0 0 0 105 0 18 0 10 0 
0 0 0 21 1 0 0 110 0 13 0 4 0 
0 0 0 22 1 0 0 115 0 10 0 4 0 
0 0 0 23 2 0 0 120 0 9 0 5 0 
0 0 0 24 2 0 0 125 0 1 0 4 0 
0 0 0 25 1 0 0 130 0 3 0 5 0 
0 0 0 26 0 0 0 135 0 11 0 11 0 
0 0 0 27 0 0 0 140 0 6 0 9 0 
0 0 0 28 2 0 0 145 0 7 0 15 0 
0 0 0 29 0 0 0 150 0 17 0 13 0 
2 1 0 0 0 0 0 0 0 0 0 0 0 0 0 0 0 0 0 0 0 0 0 0 0 0 0 0 0 0 
0 1 0 0 0 0 0 0 0 0 0 0 0 0 0 0 0 0 0 0 0 0 0 0 0 0 0 0 0 0 
3 0 4 5 6 0 0 0 0 0 0 0 0 0 0 0 0 0 0 0 0 0 0 0 0 0 0 0 0 0 
0 0 0 0 0 0 0 0 0 0 0 0 0 0 0 0 0 0 0 0 0 0 0 0 0 0 0 0 0 0 
2 0 5 0 5652 
1 2 1 0 1 0 0 23 1 12 0 6 0 
1 2 1 1 2 0 0 21 1 15 465 7 209 
1 2 1 2 0 0 0 15 1 12 0 7 0 
1 2 1 3 0 0 0 20 1 13 0 7 0 
1 2 1 4 1 0 0 25 1 10 0 3 0 
1 2 1 5 1 0 0 30 1 16 0 10 0 
1 2 1 6 2 0 0 35 1 14 0 2 0 
0 2 1 7 0 0 0 40 1 3 0 6 0 
0 0 0 8 1 67 0 45 1 5 0 6 0 
0 0 0 9 1 89 0 50 1 15 0 11 0 
0 0 0 10 1 0 0 55 0 15 0 1 0 
0 0 0 11 1 0 0 60 0 19 0 9 0 
0 0 0 12 2 0 0 65 0 9 0 7 0 
0 0 0 13 1 0 0 70 0 15 0 15 0 
0 0 0 14 2 0 0 75 0 20 0 5 0 
0 0 0 15 2 0 0 80 0 13 0 5 0 
0 0 0 16 0 0 0 85 0 14 0 12 0 
0 0 0 17 0 0 0 90 0 0 0 5 0 
0 0 0 18 2 0 0 95 0 8 0 14 0 
0 0 0 19 2 0 0 100 0 16 0 15 0 
0 0 0 20 0 0 0 105 0 18 0 10 0 
0 0 0 21 1 0 0 110 0 13 0 4 0 
0 0 0 22 1 0 0 115 0 10 0 4 0 
0 0 0 23 2 0 0 120 0 9 0 5 0 
0 0 0 24 2 0 0 125 0 1 0 4 0 
0 0 0 25 1 0 0 130 0 3 0 5 0 
0 0 0 26 0 0 0 135 0 11 0 11 0 
0 0 0 27 0 0 0 140 0 6 0 9 0 
0 0 0 28 2 0 0 145 0 7 0 15 0 
0 0 0 29 0 0 0 150 0 17 0 13 0 
2 1 0 0 0 0 0 0 0 0 0 0 0 0 0 0 0 0 0 0 0 0 0 0 0 0 0 0 0 0 
0 1 0 0 0 0 0 0 0 0 0 0 0 0 0 0 0 0 0 0 0 0 0 0 0 0 0 0 0 0 
3 0 4 5 6 0 0 0 0 0 0 0 0 0 0 0 0 0 0 0 0 0 0 0 0 0 0 0 0 0 
0 0 0 0 0 0 0 0 0 0 0 0 0 0 0 0 0 0 0 0 0 0 0 0 0 0 0 0 0 0 
2 0 5 0 5647 
1 2 1 0 1 0 0 23 1 12 0 6 0 
1 2 1 1 2 0 0 21 1 15 465 7 209 
1 2 1 2 0 0 0 15 1 12 0 7 0 
1 2 1 3 0 0 0 20 1 13 0 7 0 
1 2 1 4 1 0 0 25 1 10 0 3 0 
1 2 1 5 1 0 0 30 1 16 0 10 0 
1 2 1 6 2 0 0 35 1 14 0 2 0 
1 2 1 7 0 0 0 40 1 3 0 6 0 
1 2 1 8 1 0 0 45 1 5 0 6 0 
0 1 0 9 1 21 0 50 1 15 0 11 0 
0 0 0 10 1 155 0 55 1 15 0 1 0 
0 0 0 11 1 0 0 60 0 19 0 9 0 
0 0 0 12 2 0 0 65 0 9 0 7 0 
0 0 0 13 1 0 0 70 0 15 0 15 0 
0 0 0 14 2 0 0 75 0 20 0 5 0 
0 0 0 15 2 0 0 80 0 13 0 5 0 
0 0 0 16 0 0 0 85 0 14 0 12 0 
0 0 0 17 0 0 0 90 0 0 0 5 0 
0 0 0 18 2 0 0 95 0 8 0 14 0 
0 0 0 19 2 0 0 100 0 16 0 15 0 
0 0 0 20 0 0 0 105 0 18 0 10 0 
0 0 0 21 1 0 0 110 0 13 0 4 0 
0 0 0 22 1 0 0 115 0 10 0 4 0 
0 0 0 23 2 0 0 120 0 9 0 5 0 
0 0 0 24 2 0 0 125 0 1 0 4 0 
0 0 0 25 1 0 0 130 0 3 0 5 0 
0 0 0 26 0 0 0 135 0 11 0 11 0 
0 0 0 27 0 0 0 140 0 6 0 9 0 
0 0 0 28 2 0 0 145 0 7 0 15 0 
0 0 0 29 0 0 0 150 0 17 0 13 0 
2 1 7 0 0 0 0 0 0 0 0 0 0 0 0 0 0 0 0 0 0 0 0 0 0 0 0 0 0 0 
0 1 0 0 0 0 0 0 0 0 0 0 0 0 0 0 0 0 0 0 0 0 0 0 0 0 0 0 0 0 
3 0 4 5 6 8 0 0 0 0 0 0 0 0 0 0 0 0 0 0 0 0 0 0 0 0 0 0 0 0 
0 0 0 0 0 0 0 0 0 0 0 0 0 0 0 0 0 0 0 0 0 0 0 0 0 0 0 0 0 0 
3 0 6 0 5079 
1 2 1 0 1 0 0 23 1 12 0 6 0 
0 0 0 1 2 0 0 57 0 21 465 9 209 
0 0 0 2 0 0 0 56 0 11 0 7 0 
1 2 1 3 0 0 0 20 1 13 0 7 0 
1 2 1 4 1 0 0 25 1 10 0 3 0 
1 2 1 5 1 0 0 30 1 16 0 10 0 
1 2 1 6 2 0 0 35 1 14 0 2 0 
1 2 1 7 0 0 0 40 1 3 0 6 0 
1 2 1 8 1 0 0 45 1 5 0 6 0 
0 2 1 9 1 0 0 50 1 15 0 11 0 
0 0 0 10 1 178 0 55 1 15 0 1 0 
0 0 0 11 1 198 0 60 1 19 0 9 0 
0 0 0 12 2 0 0 65 0 9 0 7 0 
0 0 0 13 1 0 0 70 0 15 0 15 0 
0 0 0 14 2 0 0 75 0 20 0 5 0 
0 0 0 15 2 0 0 80 0 13 0 5 0 
0 0 0 16 0 0 0 85 0 14 0 12 0 
0 0 0 17 0 0 0 90 0 0 0 5 0 
0 0 0 18 2 0 0 95 0 8 0 14 0 
0 0 0 19 2 0 0 100 0 16 0 15 0 
0 0 0 20 0 0 0 105 0 18 0 10 0 
0 0 0 21 1 0 0 110 0 13 0 4 0 
0 0 0 22 1 0 0 115 0 10 0 4 0 
0 0 0 23 2 0 0 120 0 9 0 5 0 
0 0 0 24 2 0 0 125 0 1 0 4 0 
0 0 0 25 1 0 0 130 0 3 0 5 0 
0 0 0 26 0 0 0 135 0 11 0 11 0 
0 0 0 27 0 0 0 140 0 6 0 9 0 
0 0 0 28 2 0 0 145 0 7 0 15 0 
0 0 0 29 0 0 0 150 0 17 0 13 0 
7 1 7 0 0 0 0 0 0 0 0 0 0 0 0 0 0 0 0 0 0 0 0 0 0 0 0 0 0 0 
0 1 0 0 0 0 0 0 0 0 0 0 0 0 0 0 0 0 0 0 0 0 0 0 0 0 0 0 0 0 
3 0 4 5 6 8 0 0 0 0 0 0 0 0 0 0 0 0 0 0 0 0 0 0 0 0 0 0 0 0 
0 0 0 0 0 0 0 0 0 0 0 0 0 0 0 0 0 0 0 0 0 0 0 0 0 0 0 0 0 0 
1 0 6 0 4672 
0 0 0 0 1 0 0 59 0 12 0 6 0 
0 0 0 1 2 170 0 57 1 21 465 9 209 
0 1 0 2 0 3 0 56 1 11 0 7 0 
0 0 0 3 0 0 0 58 0 21 0 13 0 
1 2 1 4 1 0 0 25 1 10 0 3 0 
1 2 1 5 1 0 0 30 1 16 0 10 0 
1 2 1 6 2 0 0 35 1 14 0 2 0 
1 2 1 7 0 0 0 40 1 3 0 6 0 
0 0 0 8 1 0 0 61 0 10 0 12 0 
0 2 1 9 1 0 0 50 1 15 0 11 0 
0 2 1 10 1 0 0 55 1 15 0 1 0 
0 0 0 11 1 114 0 60 1 19 0 9 0 
0 0 0 12 2 2 0 65 1 9 0 7 0 
0 0 0 13 1 0 0 70 0 15 0 15 0 
0 0 0 14 2 0 0 75 0 20 0 5 0 
0 0 0 15 2 0 0 80 0 13 0 5 0 
0 0 0 16 0 0 0 85 0 14 0 12 0 
0 0 0 17 0 0 0 90 0 0 0 5 0 
0 0 0 18 2 0 0 95 0 8 0 14 0 
0 0 0 19 2 0 0 100 0 16 0 15 0 
0 0 0 20 0 0 0 105 0 18 0 10 0 
0 0 0 21 1 0 0 110 0 13 0 4 0 
0 0 0 22 1 0 0 115 0 10 0 4 0 
0 0 0 23 2 0 0 120 0 9 0 5 0 
0 0 0 24 2 0 0 125 0 1 0 4 0 
0 0 0 25 1 0 0 130 0 3 0 5 0 
0 0 0 26 0 0 0 135 0 11 0 11 0 
0 0 0 27 0 0 0 140 0 6 0 9 0 
0 0 0 28 2 0 0 145 0 7 0 15 0 
0 0 0 29 0 0 0 150 0 17 0 13 0 
7 1 7 0 0 0 0 0 0 0 0 0 0 0 0 0 0 0 0 0 0 0 0 0 0 0 0 0 0 0 
0 1 0 0 0 0 0 0 0 0 0 0 0 0 0 0 0 0 0 0 0 0 0 0 0 0 0 0 0 0 
4 5 6 5 6 8 0 0 0 0 0 0 0 0 0 0 0 0 0 0 0 0 0 0 0 0 0 0 0 0 
0 0 0 0 0 0 0 0 0 0 0 0 0 0 0 0 0 0 0 0 0 0 0 0 0 0 0 0 0 0 
1 0 3 0 4497 
0 0 0 0 1 1 0 59 1 12 0 6 0 
0 2 1 1 2 0 0 57 1 21 465 9 209 
1 2 1 2 0 0 0 56 1 11 0 7 0 
0 1 0 3 0 66 0 58 1 21 0 13 0 
1 2 1 4 1 0 0 25 1 10 0 3 0 
1 2 1 5 1 0 0 30 1 16 0 10 0 
1 2 1 6 2 0 0 35 1 14 0 2 0 
0 0 0 7 0 0 0 62 0 17 0 7 0 
0 0 0 8 1 1 0 61 1 10 0 12 0 
0 2 1 9 1 0 0 50 1 15 0 11 0 
0 2 1 10 1 0 0 55 1 15 0 1 0 
0 0 0 11 1 116 0 60 1 19 0 9 0 
0 0 0 12 2 4 0 65 1 9 0 7 0 
0 0 0 13 1 0 0 70 0 15 0 15 0 
0 0 0 14 2 0 0 75 0 20 0 5 0 
0 0 0 15 2 0 0 80 0 13 0 5 0 
0 0 0 16 0 0 0 85 0 14 0 12 0 
0 0 0 17 0 0 0 90 0 0 0 5 0 
0 0 0 18 2 0 0 95 0 8 0 14 0 
0 0 0 19 2 0 0 100 0 16 0 15 0 
0 0 0 20 0 0 0 105 0 18 0 10 0 
0 0 0 21 1 0 0 110 0 13 0 4 0 
0 0 0 22 1 0 0 115 0 10 0 4 0 
0 0 0 23 2 0 0 120 0 9 0 5 0 
0 0 0 24 2 0 0 125 0 1 0 4 0 
0 0 0 25 1 0 0 130 0 3 0 5 0 
0 0 0 26 0 0 0 135 0 11 0 11 0 
0 0 0 27 0 0 0 140 0 6 0 9 0 
0 0 0 28 2 0 0 145 0 7 0 15 0 
0 0 0 29 0 0 0 150 0 17 0 13 0 
7 1 7 0 0 0 0 0 0 0 0 0 0 0 0 0 0 0 0 0 0 0 0 0 0 0 0 0 0 0 
0 1 0 0 0 0 0 0 0 0 0 0 0 0 0 0 0 0 0 0 0 0 0 0 0 0 0 0 0 0 
4 5 6 5 6 8 0 0 0 0 0 0 0 0 0 0 0 0 0 0 0 0 0 0 0 0 0 0 0 0 
2 0 0 0 0 0 0 0 0 0 0 0 0 0 0 0 0 0 0 0 0 0 0 0 0 0 0 0 0 0 
0 0 3 1 4234 
0 2 1 0 1 0 0 59 1 12 0 6 0 
1 2 1 1 2 0 0 57 1 21 465 9 209 
1 2 1 2 0 0 0 56 1 11 0 7 0 
1 2 1 3 0 0 0 58 1 21 0 13 0 
1 2 1 4 1 0 0 25 1 10 0 3 0 
1 2 1 5 1 0 0 30 1 16 0 10 0 
1 2 1 6 2 0 0 35 1 14 0 2 0 
0 2 1 7 0 0 0 62 1 17 0 7 0 
0 2 1 8 1 0 0 61 1 10 0 12 0 
0 2 1 9 1 0 0 50 1 15 0 11 0 
0 2 1 10 1 0 0 55 1 15 0 1 0 
0 2 1 11 1 0 0 60 1 19 0 9 0 
0 2 1 12 2 0 0 65 1 9 0 7 0 
0 0 0 13 1 214 0 70 1 15 0 15 0 
0 0 0 14 2 102 0 75 1 20 0 5 0 
0 0 0 15 2 0 0 80 0 13 0 5 0 
0 0 0 16 0 0 0 85 0 14 0 12 0 
0 0 0 17 0 0 0 90 0 0 0 5 0 
0 0 0 18 2 0 0 95 0 8 0 14 0 
0 0 0 19 2 0 0 100 0 16 0 15 0 
0 0 0 20 0 0 0 105 0 18 0 10 0 
0 0 0 21 1 0 0 110 0 13 0 4 0 
0 0 0 22 1 0 0 115 0 10 0 4 0 
0 0 0 23 2 0 0 120 0 9 0 5 0 
0 0 0 24 2 0 0 125 0 1 0 4 0 
0 0 0 25 1 0 0 130 0 3 0 5 0 
0 0 0 26 0 0 0 135 0 11 0 11 0 
0 0 0 27 0 0 0 140 0 6 0 9 0 
0 0 0 28 2 0 0 145 0 7 0 15 0 
0 0 0 29 0 0 0 150 0 17 0 13 0 
7 1 7 0 0 0 0 0 0 0 0 0 0 0 0 0 0 0 0 0 0 0 0 0 0 0 0 0 0 0 
0 1 0 0 0 0 0 0 0 0 0 0 0 0 0 0 0 0 0 0 0 0 0 0 0 0 0 0 0 0 
4 5 6 3 1 8 0 0 0 0 0 0 0 0 0 0 0 0 0 0 0 0 0 0 0 0 0 0 0 0 
2 0 0 0 0 0 0 0 0 0 0 0 0 0 0 0 0 0 0 0 0 0 0 0 0 0 0 0 0 0 
0 0 5 1 3395 
0 2 1 0 1 0 0 59 1 12 0 6 0 
1 2 1 1 2 0 0 57 1 21 465 9 209 
0 0 0 2 0 0 0 71 0 5 0 1 0 
1 2 1 3 0 0 0 58 1 21 0 13 0 
1 2 1 4 1 0 0 25 1 10 0 3 0 
1 2 1 5 1 0 0 30 1 16 0 10 0 
1 2 1 6 2 0 0 35 1 14 0 2 0 
1 2 1 7 0 0 0 62 1 17 0 7 0 
0 2 1 8 1 0 0 61 1 10 0 12 0 
0 2 1 9 1 0 0 50 1 15 0 11 0 
0 2 1 10 1 0 0 55 1 15 0 1 0 
1 2 1 11 1 0 0 60 1 19 0 9 0 
0 2 1 12 2 0 0 65 1 9 0 7 0 
0 0 0 13 1 248 0 70 1 15 0 15 0 
0 0 0 14 2 136 0 75 1 20 0 5 0 
0 0 0 15 2 0 0 80 0 13 0 5 0 
0 0 0 16 0 0 0 85 0 14 0 12 0 
0 0 0 17 0 0 0 90 0 0 0 5 0 
0 0 0 18 2 0 0 95 0 8 0 14 0 
0 0 0 19 2 0 0 100 0 16 0 15 0 
0 0 0 20 0 0 0 105 0 18 0 10 0 
0 0 0 21 1 0 0 110 0 13 0 4 0 
0 0 0 22 1 0 0 115 0 10 0 4 0 
0 0 0 23 2 0 0 120 0 9 0 5 0 
0 0 0 24 2 0 0 125 0 1 0 4 0 
0 0 0 25 1 0 0 130 0 3 0 5 0 
0 0 0 26 0 0 0 135 0 11 0 11 0 
0 0 0 27 0 0 0 140 0 6 0 9 0 
0 0 0 28 2 0 0 145 0 7 0 15 0 
0 0 0 29 0 0 0 150 0 17 0 13 0 
7 11 7 0 0 0 0 0 0 0 0 0 0 0 0 0 0 0 0 0 0 0 0 0 0 0 0 0 0 0 
0 1 0 0 0 0 0 0 0 0 0 0 0 0 0 0 0 0 0 0 0 0 0 0 0 0 0 0 0 0 
4 5 6 3 1 8 0 0 0 0 0 0 0 0 0 0 0 0 0 0 0 0 0 0 0 0 0 0 0 0 
2 0 0 0 0 0 0 0 0 0 0 0 0 0 0 0 0 0 0 0 0 0 0 0 0 0 0 0 0 0 
2 0 5 0 3100 
0 2 1 0 1 0 0 59 1 12 0 6 0 
1 2 1 1 2 0 0 57 1 21 465 9 209 
0 0 0 2 0 80 0 71 1 5 0 1 0 
1 2 1 3 0 0 0 58 1 21 0 13 0 
1 2 1 4 1 0 0 25 1 10 0 3 0 
1 2 1 5 1 0 0 30 1 16 0 10 0 
1 2 1 6 2 0 0 35 1 14 0 2 0 
1 2 1 7 0 0 0 62 1 17 0 7 0 
0 2 1 8 1 0 0 61 1 10 0 12 0 
0 2 1 9 1 0 0 50 1 15 0 11 0 
0 2 1 10 1 0 0 55 1 15 0 1 0 
1 2 1 11 1 0 0 60 1 19 0 9 0 
0 2 1 12 2 0 0 65 1 9 0 7 0 
0 1 0 13 1 83 0 70 1 15 0 15 0 
0 0 0 14 2 217 0 75 1 20 0 5 0 
0 0 0 15 2 0 0 80 0 13 0 5 0 
0 0 0 16 0 0 0 85 0 14 0 12 0 
0 0 0 17 0 0 0 90 0 0 0 5 0 
0 0 0 18 2 0 0 95 0 8 0 14 0 
0 0 0 19 2 0 0 100 0 16 0 15 0 
0 0 0 20 0 0 0 105 0 18 0 10 0 
0 0 0 21 1 0 0 110 0 13 0 4 0 
0 0 0 22 1 0 0 115 0 10 0 4 0 
0 0 0 23 2 0 0 120 0 9 0 5 0 
0 0 0 24 2 0 0 125 0 1 0 4 0 
0 0 0 25 1 0 0 130 0 3 0 5 0 
0 0 0 26 0 0 0 135 0 11 0 11 0 
0 0 0 27 0 0 0 140 0 6 0 9 0 
0 0 0 28 2 0 0 145 0 7 0 15 0 
0 0 0 29 0 0 0 150 0 17 0 13 0 
7 11 7 0 0 0 0 0 0 0 0 0 0 0 0 0 0 0 0 0 0 0 0 0 0 0 0 0 0 0 
0 1 0 0 0 0 0 0 0 0 0 0 0 0 0 0 0 0 0 0 0 0 0 0 0 0 0 0 0 0 
4 5 6 3 1 8 0 0 0 0 0 0 0 0 0 0 0 0 0 0 0 0 0 0 0 0 0 0 0 0 
2 0 0 0 0 0 0 0 0 0 0 0 0 0 0 0 0 0 0 0 0 0 0 0 0 0 0 0 0 0 
2 0 5 0 3017 
0 2 1 0 1 0 0 59 1 12 0 6 0 
1 2 1 1 2 0 0 57 1 21 465 9 209 
0 2 1 2 0 0 0 71 1 5 0 1 0 
1 2 1 3 0 0 0 58 1 21 0 13 0 
1 2 1 4 1 0 0 25 1 10 0 3 0 
1 2 1 5 1 0 0 30 1 16 0 10 0 
1 2 1 6 2 0 0 35 1 14 0 2 0 
1 2 1 7 0 0 0 62 1 17 0 7 0 
0 2 1 8 1 0 0 61 1 10 0 12 0 
0 2 1 9 1 0 0 50 1 15 0 11 0 
0 2 1 10 1 0 0 55 1 15 0 1 0 
1 2 1 11 1 0 0 60 1 19 0 9 0 
1 2 1 12 2 0 0 65 1 9 0 7 0 
1 2 1 13 1 0 0 70 1 15 0 15 0 
0 0 0 14 2 174 0 75 1 20 0 5 0 
0 0 0 15 2 194 0 80 1 13 0 5 0 
0 0 0 16 0 0 0 85 0 14 0 12 0 
0 0 0 17 0 0 0 90 0 0 0 5 0 
0 0 0 18 2 0 0 95 0 8 0 14 0 
0 0 0 19 2 0 0 100 0 16 0 15 0 
0 0 0 20 0 0 0 105 0 18 0 10 0 
0 0 0 21 1 0 0 110 0 13 0 4 0 
0 0 0 22 1 0 0 115 0 10 0 4 0 
0 0 0 23 2 0 0 120 0 9 0 5 0 
0 0 0 24 2 0 0 125 0 1 0 4 0 
0 0 0 25 1 0 0 130 0 3 0 5 0 
0 0 0 26 0 0 0 135 0 11 0 11 0 
0 0 0 27 0 0 0 140 0 6 0 9 0 
0 0 0 28 2 0 0 145 0 7 0 15 0 
0 0 0 29 0 0 0 150 0 17 0 13 0 
7 11 13 0 0 0 0 0 0 0 0 0 0 0 0 0 0 0 0 0 0 0 0 0 0 0 0 0 0 0 
0 1 0 0 0 0 0 0 0 0 0 0 0 0 0 0 0 0 0 0 0 0 0 0 0 0 0 0 0 0 
4 5 6 3 1 12 0 0 0 0 0 0 0 0 0 0 0 0 0 0 0 0 0 0 0 0 0 0 0 0 
2 0 0 0 0 0 0 0 0 0 0 0 0 0 0 0 0 0 0 0 0 0 0 0 0 0 0 0 0 0 
3 0 6 0 2799 
1 2 1 0 1 0 0 59 1 10 345 16 452 
1 2 1 1 2 0 0 57 1 21 465 9 209 
1 2 1 2 0 0 0 71 1 10 345 16 452 
1 2 1 3 0 0 0 58 1 21 0 13 0 
1 2 1 4 1 0 0 25 1 10 0 3 0 
1 2 1 5 1 0 0 30 1 16 0 10 0 
1 2 1 6 2 0 0 35 1 14 0 2 0 
1 2 1 7 0 0 0 62 1 17 0 7 0 
1 2 1 8 1 0 0 61 1 10 345 16 452 
1 2 1 9 1 0 0 50 1 10 345 16 452 
1 2 1 10 1 0 0 55 1 10 345 16 452 
1 2 1 11 1 0 0 60 1 19 0 9 0 
1 2 1 12 2 0 0 65 1 9 0 7 0 
1 2 1 13 1 0 0 70 1 15 0 15 0 
0 0 0 14 2 0 0 81 0 19 0 12 0 
0 0 0 15 2 44 0 80 1 13 0 5 0 
0 0 0 16 0 126 0 85 1 14 0 12 0 
0 0 0 17 0 0 0 90 0 0 0 5 0 
0 0 0 18 2 0 0 95 0 8 0 14 0 
0 0 0 19 2 0 0 100 0 16 0 15 0 
0 0 0 20 0 0 0 105 0 18 0 10 0 
0 0 0 21 1 0 0 110 0 13 0 4 0 
0 0 0 22 1 0 0 115 0 10 0 4 0 
0 0 0 23 2 0 0 120 0 9 0 5 0 
0 0 0 24 2 0 0 125 0 1 0 4 0 
0 0 0 25 1 0 0 130 0 3 0 5 0 
0 0 0 26 0 0 0 135 0 11 0 11 0 
0 0 0 27 0 0 0 140 0 6 0 9 0 
0 0 0 28 2 0 0 145 0 7 0 15 0 
0 0 0 29 0 0 0 150 0 17 0 13 0 
7 11 13 0 2 8 9 10 0 0 0 0 0 0 0 0 0 0 0 0 0 0 0 0 0 0 0 0 0 0 
0 1 0 0 0 0 0 0 0 0 0 0 0 0 0 0 0 0 0 0 0 0 0 0 0 0 0 0 0 0 
4 5 6 3 1 12 0 0 0 0 0 0 0 0 0 0 0 0 0 0 0 0 0 0 0 0 0 0 0 0 
14 0 0 0 0 0 0 0 0 0 0 0 0 0 0 0 0 0 0 0 0 0 0 0 0 0 0 0 0 0 
8 0 6 0 2108 
1 2 1 0 1 0 0 59 1 10 345 16 452 
1 2 1 1 2 0 0 57 1 21 465 9 209 
1 2 1 2 0 0 0 71 1 10 345 16 452 
1 2 1 3 0 0 0 58 1 21 0 13 0 
1 2 1 4 1 0 0 25 1 10 0 3 0 
1 2 1 5 1 0 0 30 1 16 0 10 0 
1 2 1 6 2 0 0 35 1 14 0 2 0 
1 2 1 7 0 0 0 62 1 17 0 7 0 
1 2 1 8 1 0 0 61 1 10 345 16 452 
1 2 1 9 1 0 0 50 1 10 345 16 452 
1 2 1 10 1 0 0 55 1 10 345 16 452 
1 2 1 11 1 0 0 60 1 19 0 9 0 
1 2 1 12 2 0 0 65 1 9 0 7 0 
1 2 1 13 1 0 0 70 1 15 0 15 0 
1 2 1 14 2 0 0 81 1 19 0 12 0 
1 2 1 15 2 0 0 80 1 13 0 5 0 
0 0 0 16 0 248 0 85 1 14 0 12 0 
0 0 0 17 0 15 0 90 1 0 0 5 0 
0 0 0 18 2 0 0 95 0 8 0 14 0 
0 0 0 19 2 0 0 100 0 16 0 15 0 
0 0 0 20 0 0 0 105 0 18 0 10 0 
0 0 0 21 1 0 0 110 0 13 0 4 0 
0 0 0 22 1 0 0 115 0 10 0 4 0 
0 0 0 23 2 0 0 120 0 9 0 5 0 
0 0 0 24 2 0 0 125 0 1 0 4 0 
0 0 0 25 1 0 0 130 0 3 0 5 0 
0 0 0 26 0 0 0 135 0 11 0 11 0 
0 0 0 27 0 0 0 140 0 6 0 9 0 
0 0 0 28 2 0 0 145 0 7 0 15 0 
0 0 0 29 0 0 0 150 0 17 0 13 0 
7 11 13 0 2 8 9 10 15 0 0 0 0 0 0 0 0 0 0 0 0 0 0 0 0 0 0 0 0 0 
0 1 0 0 0 0 0 0 0 0 0 0 0 0 0 0 0 0 0 0 0 0 0 0 0 0 0 0 0 0 
4 5 6 3 1 12 0 0 0 0 0 0 0 0 0 0 0 0 0 0 0 0 0 0 0 0 0 0 0 0 
14 0 0 0 0 0 0 0 0 0 0 0 0 0 0 0 0 0 0 0 0 0 0 0 0 0 0 0 0 0 
9 0 6 1 1723 
1 2 1 0 1 0 0 59 1 10 345 16 452 
1 2 1 1 2 0 0 57 1 21 465 9 209 
1 2 1 2 0 0 0 71 1 10 345 16 452 
1 2 1 3 0 0 0 58 1 21 0 13 0 
1 2 1 4 1 0 0 25 1 10 0 3 0 
1 2 1 5 1 0 0 30 1 16 0 10 0 
1 2 1 6 2 0 0 35 1 14 0 2 0 
1 2 1 7 0 0 0 62 1 17 0 7 0 
1 2 1 8 1 0 0 61 1 10 345 16 452 
1 2 1 9 1 0 0 50 1 10 345 16 452 
1 2 1 10 1 0 0 55 1 10 345 16 452 
1 2 1 11 1 0 0 60 1 19 0 9 0 
1 2 1 12 2 0 0 65 1 9 0 7 0 
1 2 1 13 1 0 0 70 1 15 0 15 0 
0 0 0 14 2 0 0 86 0 9 0 11 0 
1 2 1 15 2 0 0 80 1 13 0 5 0 
0 0 0 16 0 90 0 85 1 14 0 12 0 
0 0 0 17 0 112 0 90 1 0 0 5 0 
0 0 0 18 2 0 0 95 0 8 0 14 0 
0 0 0 19 2 0 0 100 0 16 0 15 0 
0 0 0 20 0 0 0 105 0 18 0 10 0 
0 0 0 21 1 0 0 110 0 13 0 4 0 
0 0 0 22 1 0 0 115 0 10 0 4 0 
0 0 0 23 2 0 0 120 0 9 0 5 0 
0 0 0 24 2 0 0 125 0 1 0 4 0 
0 0 0 25 1 0 0 130 0 3 0 5 0 
0 0 0 26 0 0 0 135 0 11 0 11 0 
0 0 0 27 0 0 0 140 0 6 0 9 0 
0 0 0 28 2 0 0 145 0 7 0 15 0 
0 0 0 29 0 0 0 150 0 17 0 13 0 
7 11 13 0 2 8 9 10 15 0 0 0 0 0 0 0 0 0 0 0 0 0 0 0 0 0 0 0 0 0 
0 1 0 0 0 0 0 0 0 0 0 0 0 0 0 0 0 0 0 0 0 0 0 0 0 0 0 0 0 0 
4 5 6 3 1 12 0 0 0 0 0 0 0 0 0 0 0 0 0 0 0 0 0 0 0 0 0 0 0 0 
14 0 0 0 0 0 0 0 0 0 0 0 0 0 0 0 0 0 0 0 0 0 0 0 0 0 0 0 0 0 
9 0 6 0 1624 
1 2 1 0 1 0 0 59 1 10 345 16 452 
0 0 0 1 2 0 0 89 0 12 465 0 209 
1 2 1 2 0 0 0 71 1 10 345 16 452 
0 0 0 3 0 0 0 88 0 12 0 3 0 
0 0 0 4 1 0 0 87 0 4 0 16 0 
1 2 1 5 1 0 0 30 1 16 0 10 0 
1 2 1 6 2 0 0 35 1 14 0 2 0 
1 2 1 7 0 0 0 62 1 17 0 7 0 
1 2 1 8 1 0 0 61 1 10 345 16 452 
1 2 1 9 1 0 0 50 1 10 345 16 452 
1 2 1 10 1 0 0 55 1 10 345 16 452 
1 2 1 11 1 0 0 60 1 19 0 9 0 
1 2 1 12 2 0 0 65 1 9 0 7 0 
1 2 1 13 1 0 0 70 1 15 0 15 0 
0 1 0 14 2 94 0 86 1 9 0 11 0 
1 2 1 15 2 0 0 80 1 13 0 5 0 
1 2 1 16 0 0 0 85 1 14 0 12 0 
0 0 0 17 0 69 0 90 1 0 0 5 0 
0 0 0 18 2 91 0 95 1 8 0 14 0 
0 0 0 19 2 0 0 100 0 16 0 15 0 
0 0 0 20 0 0 0 105 0 18 0 10 0 
0 0 0 21 1 0 0 110 0 13 0 4 0 
0 0 0 22 1 0 0 115 0 10 0 4 0 
0 0 0 23 2 0 0 120 0 9 0 5 0 
0 0 0 24 2 0 0 125 0 1 0 4 0 
0 0 0 25 1 0 0 130 0 3 0 5 0 
0 0 0 26 0 0 0 135 0 11 0 11 0 
0 0 0 27 0 0 0 140 0 6 0 9 0 
0 0 0 28 2 0 0 145 0 7 0 15 0 
0 0 0 29 0 0 0 150 0 17 0 13 0 
7 11 13 0 2 8 9 10 15 16 0 0 0 0 0 0 0 0 0 0 0 0 0 0 0 0 0 0 0 0 
0 1 0 0 0 0 0 0 0 0 0 0 0 0 0 0 0 0 0 0 0 0 0 0 0 0 0 0 0 0 
5 6 12 3 1 12 0 0 0 0 0 0 0 0 0 0 0 0 0 0 0 0 0 0 0 0 0 0 0 0 
14 0 0 0 0 0 0 0 0 0 0 0 0 0 0 0 0 0 0 0 0 0 0 0 0 0 0 0 0 0 
10 0 3 0 1406 
1 2 1 0 1 0 0 59 1 10 345 16 452 
0 1 0 1 2 39 0 89 1 12 465 0 209 
1 2 1 2 0 0 0 71 1 10 345 16 452 
0 2 1 3 0 0 0 88 1 12 0 3 0 
0 2 1 4 1 0 0 87 1 4 0 16 0 
1 2 1 5 1 0 0 30 1 16 0 10 0 
1 2 1 6 2 0 0 35 1 14 0 2 0 
1 2 1 7 0 0 0 62 1 17 0 7 0 
1 2 1 8 1 0 0 61 1 10 345 16 452 
1 2 1 9 1 0 0 50 1 10 345 16 452 
1 2 1 10 1 0 0 55 1 10 345 16 452 
1 2 1 11 1 0 0 60 1 19 0 9 0 
1 2 1 12 2 0 0 65 1 9 0 7 0 
1 2 1 13 1 0 0 70 1 15 0 15 0 
0 2 1 14 2 0 0 86 1 9 0 11 0 
1 2 1 15 2 0 0 80 1 13 0 5 0 
1 2 1 16 0 0 0 85 1 14 0 12 0 
0 0 0 17 0 55 0 90 1 0 0 5 0 
0 0 0 18 2 77 0 95 1 8 0 14 0 
0 0 0 19 2 0 0 100 0 16 0 15 0 
0 0 0 20 0 0 0 105 0 18 0 10 0 
0 0 0 21 1 0 0 110 0 13 0 4 0 
0 0 0 22 1 0 0 115 0 10 0 4 0 
0 0 0 23 2 0 0 120 0 9 0 5 0 
0 0 0 24 2 0 0 125 0 1 0 4 0 
0 0 0 25 1 0 0 130 0 3 0 5 0 
0 0 0 26 0 0 0 135 0 11 0 11 0 
0 0 0 27 0 0 0 140 0 6 0 9 0 
0 0 0 28 2 0 0 145 0 7 0 15 0 
0 0 0 29 0 0 0 150 0 17 0 13 0 
7 11 13 0 2 8 9 10 15 16 0 0 0 0 0 0 0 0 0 0 0 0 0 0 0 0 0 0 0 0 
0 1 0 0 0 0 0 0 0 0 0 0 0 0 0 0 0 0 0 0 0 0 0 0 0 0 0 0 0 0 
5 6 12 3 1 12 0 0 0 0 0 0 0 0 0 0 0 0 0 0 0 0 0 0 0 0 0 0 0 0 
14 0 0 0 0 0 0 0 0 0 0 0 0 0 0 0 0 0 0 0 0 0 0 0 0 0 0 0 0 0 
10 0 3 0 1161 
1 2 1 0 1 0 0 59 1 10 345 16 452 
0 2 1 1 2 0 0 89 1 12 465 0 209 
1 2 1 2 0 0 0 71 1 10 345 16 452 
0 2 1 3 0 0 0 88 1 12 0 3 0 
1 2 1 4 1 0 0 87 1 4 0 16 0 
1 2 1 5 1 0 0 30 1 16 0 10 0 
1 2 1 6 2 0 0 35 1 14 0 2 0 
1 2 1 7 0 0 0 62 1 17 0 7 0 
1 2 1 8 1 0 0 61 1 10 345 16 452 
1 2 1 9 1 0 0 50 1 10 345 16 452 
1 2 1 10 1 0 0 55 1 10 345 16 452 
1 2 1 11 1 0 0 60 1 19 0 9 0 
1 2 1 12 2 0 0 65 1 9 0 7 0 
1 2 1 13 1 0 0 70 1 15 0 15 0 
0 2 1 14 2 0 0 86 1 9 0 11 0 
1 2 1 15 2 0 0 80 1 13 0 5 0 
1 2 1 16 0 0 0 85 1 14 0 12 0 
0 1 0 17 0 16 0 90 1 0 0 5 0 
0 0 0 18 2 152 0 95 1 8 0 14 0 
0 0 0 19 2 0 0 100 0 16 0 15 0 
0 0 0 20 0 0 0 105 0 18 0 10 0 
0 0 0 21 1 0 0 110 0 13 0 4 0 
0 0 0 22 1 0 0 115 0 10 0 4 0 
0 0 0 23 2 0 0 120 0 9 0 5 0 
0 0 0 24 2 0 0 125 0 1 0 4 0 
0 0 0 25 1 0 0 130 0 3 0 5 0 
0 0 0 26 0 0 0 135 0 11 0 11 0 
0 0 0 27 0 0 0 140 0 6 0 9 0 
0 0 0 28 2 0 0 145 0 7 0 15 0 
0 0 0 29 0 0 0 150 0 17 0 13 0 
7 11 13 0 2 8 9 10 15 16 0 0 0 0 0 0 0 0 0 0 0 0 0 0 0 0 0 0 0 0 
0 1 0 0 0 0 0 0 0 0 0 0 0 0 0 0 0 0 0 0 0 0 0 0 0 0 0 0 0 0 
5 6 12 4 1 12 0 0 0 0 0 0 0 0 0 0 0 0 0 0 0 0 0 0 0 0 0 0 0 0 
14 0 0 0 0 0 0 0 0 0 0 0 0 0 0 0 0 0 0 0 0 0 0 0 0 0 0 0 0 0 
10 0 4 0 1084 
1 2 1 0 1 0 0 59 1 10 345 16 452 
0 2 1 1 2 0 0 89 1 12 465 0 209 
1 2 1 2 0 0 0 71 1 10 345 16 452 
1 2 1 3 0 0 0 88 1 12 0 3 0 
1 2 1 4 1 0 0 87 1 4 0 16 0 
1 2 1 5 1 0 0 30 1 16 0 10 0 
0 0 0 6 2 0 0 98 0 2 0 4 0 
1 2 1 7 0 0 0 62 1 17 0 7 0 
1 2 1 8 1 0 0 61 1 10 345 16 452 
1 2 1 9 1 0 0 50 1 10 345 16 452 
1 2 1 10 1 0 0 55 1 10 345 16 452 
1 2 1 11 1 0 0 60 1 19 0 9 0 
0 0 0 12 2 0 0 99 0 16 0 8 0 
1 2 1 13 1 0 0 70 1 15 0 15 0 
0 2 1 14 2 0 0 86 1 9 0 11 0 
1 2 1 15 2 0 0 80 1 13 0 5 0 
1 2 1 16 0 0 0 85 1 14 0 12 0 
0 0 0 17 0 0 0 101 0 12 0 5 0 
0 2 1 18 2 0 0 95 1 8 0 14 0 
0 0 0 19 2 170 0 100 1 16 0 15 0 
0 0 0 20 0 192 0 105 1 18 0 10 0 
0 0 0 21 1 0 0 110 0 13 0 4 0 
0 0 0 22 1 0 0 115 0 10 0 4 0 
0 0 0 23 2 0 0 120 0 9 0 5 0 
0 0 0 24 2 0 0 125 0 1 0 4 0 
0 0 0 25 1 0 0 130 0 3 0 5 0 
0 0 0 26 0 0 0 135 0 11 0 11 0 
0 0 0 27 0 0 0 140 0 6 0 9 0 
0 0 0 28 2 0 0 145 0 7 0 15 0 
0 0 0 29 0 0 0 150 0 17 0 13 0 
7 11 13 0 2 8 9 10 15 16 3 0 0 0 0 0 0 0 0 0 0 0 0 0 0 0 0 0 0 0 
0 1 0 0 0 0 0 0 0 0 0 0 0 0 0 0 0 0 0 0 0 0 0 0 0 0 0 0 0 0 
5 4 12 4 17 12 0 0 0 0 0 0 0 0 0 0 0 0 0 0 0 0 0 0 0 0 0 0 0 0 
14 0 0 0 0 0 0 0 0 0 0 0 0 0 0 0 0 0 0 0 0 0 0 0 0 0 0 0 0 0 
11 0 2 0 303 
1 2 1 0 1 0 0 59 1 10 345 16 452 
1 2 1 1 2 0 0 89 1 12 465 0 209 
1 2 1 2 0 0 0 71 1 10 345 16 452 
1 2 1 3 0 0 0 88 1 12 0 3 0 
1 2 1 4 1 0 0 87 1 4 0 16 0 
1 2 1 5 1 0 0 30 1 16 0 10 0 
0 2 1 6 2 0 0 98 1 2 0 4 0 
1 2 1 7 0 0 0 62 1 17 0 7 0 
1 2 1 8 1 0 0 61 1 10 345 16 452 
1 2 1 9 1 0 0 50 1 10 345 16 452 
1 2 1 10 1 0 0 55 1 10 345 16 452 
1 2 1 11 1 0 0 60 1 19 0 9 0 
0 2 1 12 2 0 0 99 1 16 0 8 0 
1 2 1 13 1 0 0 70 1 15 0 15 0 
1 2 1 14 2 0 0 86 1 9 0 11 0 
1 2 1 15 2 0 0 80 1 13 0 5 0 
1 2 1 16 0 0 0 85 1 14 0 12 0 
0 0 0 17 0 33 0 101 1 12 0 5 0 
0 2 1 18 2 0 0 95 1 8 0 14 0 
0 1 0 19 2 94 0 100 1 16 0 15 0 
0 0 0 20 0 226 0 105 1 18 0 10 0 
0 0 0 21 1 0 0 110 0 13 0 4 0 
0 0 0 22 1 0 0 115 0 10 0 4 0 
0 0 0 23 2 0 0 120 0 9 0 5 0 
0 0 0 24 2 0 0 125 0 1 0 4 0 
0 0 0 25 1 0 0 130 0 3 0 5 0 
0 0 0 26 0 0 0 135 0 11 0 11 0 
0 0 0 27 0 0 0 140 0 6 0 9 0 
0 0 0 28 2 0 0 145 0 7 0 15 0 
0 0 0 29 0 0 0 150 0 17 0 13 0 
7 11 13 0 2 8 9 10 15 16 3 14 0 0 0 0 0 0 0 0 0 0 0 0 0 0 0 0 0 0 
1 1 0 0 0 0 0 0 0 0 0 0 0 0 0 0 0 0 0 0 0 0 0 0 0 0 0 0 0 0 
5 4 12 4 17 12 0 0 0 0 0 0 0 0 0 0 0 0 0 0 0 0 0 0 0 0 0 0 0 0 
14 0 0 0 0 0 0 0 0 0 0 0 0 0 0 0 0 0 0 0 0 0 0 0 0 0 0 0 0 0 
12 1 2 0 6 
